0 143 311 79 51 892 332 58 35 811 271 42 24 994 344 66 44 821 327 53 33 493 246 27 19 99 269 68 38 860 294 47 33 475 347 60 63 15 292 88 46 427 223 28 18 740 281 32 24 469 208 25 16 984 401 77 95 291 266 14 33 421 296 47 40 148 283 63 32 861 249 44 20 267 377 77 71 495 223 25 17 402 249 27 22 733 257 29 18 715 233 29 17 262 206 39 18 451 246 28 25 696 250 24 17 15 253 93 34 240 210 41 18 742 250 32 18 1 262 30 50 79 245 59 30 682 230 27 18 667 232 30 18 0 340 63 72 0 334 66 69 781 276 28 20 418 190 22 12 738 209 29 16 
1 140 311 77 52 811 271 37 23 890 330 55 34 859 294 47 32 991 342 69 43 493 245 26 20 818 325 53 32 99 270 67 36 859 249 45 20 16 292 86 46 475 349 60 66 426 223 28 19 740 281 28 23 470 209 24 16 420 302 48 35 451 246 28 26 147 284 63 32 975 396 89 102 495 222 26 18 290 266 14 35 264 374 78 79 403 249 25 23 14 254 95 33 263 206 39 17 732 257 29 17 695 250 24 18 739 249 32 19 239 210 41 18 713 234 29 16 79 244 59 30 0 335 64 69 681 231 28 19 1 262 30 50 767 273 25 20 419 190 21 12 0 340 63 73 
2 137 312 79 51 884 328 59 34 810 271 38 23 989 341 73 43 857 291 47 33 100 270 68 37 859 248 42 19 816 323 52 33 494 246 25 20 19 292 84 46 426 223 28 19 419 301 50 38 451 246 28 27 146 285 64 31 471 209 23 16 401 254 27 22 495 222 27 18 290 265 14 38 968 393 93 107 14 254 97 33 741 276 27 23 263 207 38 17 252 384 83 76 765 274 27 20 738 248 32 20 695 250 24 17 713 234 29 16 476 358 58 62 238 210 43 19 732 256 28 19 80 245 58 30 0 340 62 74 1 263 31 49 682 231 28 18 490 193 24 16 668 232 28 17 737 208 30 16 419 191 20 12 
3 136 314 81 51 808 270 36 24 878 326 61 33 101 272 65 34 21 292 83 46 858 249 42 18 857 292 46 29 986 340 72 44 420 302 49 39 496 247 26 20 816 321 50 33 147 285 63 32 966 388 94 96 738 276 32 24 472 209 24 17 427 222 27 21 267 206 37 17 496 223 28 18 400 254 29 23 475 356 62 68 735 249 34 19 290 266 14 38 452 248 26 24 16 253 99 35 764 272 27 21 251 389 92 80 0 340 61 75 711 234 30 16 694 250 24 17 239 210 39 18 732 257 27 17 2 264 32 47 490 193 25 17 667 232 29 18 683 231 27 19 81 245 59 31 737 208 29 16 
4 875 325 60 32 129 314 82 55 803 269 40 24 978 338 72 39 856 248 42 18 98 270 70 37 19 291 84 47 956 383 105 103 494 247 27 21 734 274 30 26 855 290 42 30 420 303 42 40 426 223 28 19 765 271 28 21 400 255 29 22 250 394 93 82 451 252 29 25 470 209 25 17 814 319 50 34 497 223 27 18 734 247 34 21 146 285 64 31 264 207 38 16 14 253 100 35 692 249 26 17 476 354 59 73 0 341 59 75 240 211 41 17 711 232 28 17 81 245 58 30 2 263 31 49 290 267 13 37 489 193 26 16 683 231 30 18 738 208 28 16 
5 129 315 81 56 870 321 59 34 857 246 37 19 853 290 43 26 19 291 85 47 806 265 36 27 98 269 69 37 493 247 29 21 989 338 60 38 733 273 30 25 426 223 28 19 246 398 101 84 471 209 24 16 401 254 27 23 766 271 25 20 450 251 30 26 950 382 112 99 419 302 43 43 498 223 26 17 972 335 57 34 731 246 34 22 264 206 38 17 145 284 64 33 474 360 63 71 808 316 47 35 15 253 97 35 693 249 23 16 0 342 58 74 242 211 41 17 490 194 26 15 80 245 59 30 711 230 26 17 2 263 32 49 686 230 27 19 286 269 14 33 419 190 20 13 738 207 27 17 
6 128 315 83 57 869 320 57 32 849 288 48 28 19 291 85 48 855 245 37 19 973 331 67 39 804 265 39 26 101 270 64 35 767 271 24 19 733 271 28 25 400 256 28 23 144 284 65 34 496 249 27 19 731 245 34 22 941 376 122 103 421 309 46 40 472 209 23 16 237 403 99 85 427 223 26 20 497 223 28 18 265 206 38 17 803 314 54 32 451 252 29 25 693 249 24 17 476 370 64 67 17 254 94 35 490 194 26 15 687 230 27 19 0 343 57 75 2 263 33 48 243 211 37 17 711 229 27 17 419 190 21 12 286 270 14 33 737 207 29 16 
7 869 317 53 32 129 316 81 56 850 288 46 27 855 246 37 18 21 292 84 46 734 271 29 24 803 313 52 34 970 328 69 42 400 257 28 23 731 245 34 21 803 265 38 25 266 207 40 17 234 407 94 91 418 308 46 44 497 250 27 20 104 275 61 33 146 285 63 34 473 210 23 15 453 254 31 24 22 256 87 33 764 269 24 20 498 223 27 17 429 223 23 19 937 372 129 100 694 249 22 16 81 245 59 31 0 344 56 74 241 210 38 19 0 263 34 50 477 368 64 73 712 229 26 17 469 216 23 14 687 231 26 17 491 195 23 14 285 272 16 32 937 372 129 100 473 363 64 79 737 207 30 16 421 190 19 12 
8 129 320 80 55 852 287 41 26 868 315 51 32 802 313 52 34 23 292 83 47 732 245 32 21 734 272 26 21 421 315 47 37 400 257 28 24 853 246 37 17 102 275 62 33 233 413 88 92 143 285 67 35 973 328 64 42 267 208 38 16 801 264 37 22 453 257 32 22 766 270 24 18 474 210 24 16 939 368 125 102 499 257 26 14 427 228 26 18 0 345 55 73 470 215 23 15 22 256 82 34 241 214 38 16 69 248 76 34 499 221 26 21 479 371 63 77 713 230 27 16 500 230 26 16 490 194 26 15 1 263 36 49 696 249 21 16 942 358 116 109 686 231 26 17 474 368 63 80 285 274 16 28 
9 129 321 79 54 866 315 49 31 848 285 46 26 803 264 36 20 734 270 29 23 802 309 51 35 422 314 45 41 27 293 81 45 959 324 70 39 227 417 91 94 853 243 34 20 452 255 34 25 144 285 66 35 400 257 29 24 731 245 33 19 266 208 39 15 107 272 60 34 474 209 23 17 935 368 133 99 499 250 26 20 0 345 55 73 428 227 26 19 471 216 20 14 762 264 28 20 23 255 85 33 244 211 37 18 1 269 36 47 685 221 29 18 83 246 60 31 419 191 21 12 713 230 27 16 500 223 25 17 476 369 62 83 935 368 133 99 493 194 24 14 985 329 51 36 691 231 24 19 
10 129 320 80 56 849 283 42 26 804 261 35 21 958 322 69 40 734 269 29 23 30 290 80 49 801 306 51 35 454 256 33 24 867 314 47 30 423 313 44 43 852 242 36 19 105 269 71 37 145 285 65 35 938 360 125 99 431 228 31 18 733 242 31 21 477 210 23 16 400 258 31 23 266 207 39 16 763 263 29 21 226 418 99 99 0 344 55 75 472 380 74 76 507 222 26 20 0 264 40 48 30 251 103 34 246 210 36 18 1255 502 25 59 493 193 26 15 70 245 81 30 685 220 29 19 699 244 20 18 501 249 25 20 
11 128 319 84 58 850 280 40 28 805 259 36 22 868 311 46 30 455 256 34 24 961 320 64 41 34 291 81 48 855 241 35 19 801 304 52 33 111 270 63 36 429 314 39 43 432 226 32 20 149 286 63 34 737 269 28 21 765 262 28 20 402 254 38 28 733 244 30 19 938 361 124 90 509 222 25 19 265 207 40 16 478 210 23 15 221 430 98 97 506 255 28 18 0 264 42 49 291 270 14 36 31 251 104 35 0 344 57 76 478 382 69 82 246 210 38 18 853 237 30 18 283 205 32 16 478 382 69 82 1250 491 30 61 688 220 27 18 740 236 30 19 494 193 23 14 697 244 23 17 76 245 76 30 
12 128 319 82 57 807 257 34 23 30 289 82 50 871 306 40 32 146 284 68 37 457 256 32 24 210 437 109 95 429 314 41 45 112 269 62 36 479 385 73 82 848 277 41 28 509 222 25 19 849 237 37 20 401 254 40 28 963 318 60 38 434 224 29 19 765 260 28 19 937 354 123 90 738 268 28 21 507 248 27 25 261 207 45 17 291 268 14 39 0 263 42 49 809 305 36 31 478 211 23 14 733 242 30 19 738 236 33 20 0 345 55 73 284 205 32 15 247 210 38 18 32 252 96 33 78 244 78 30 495 193 24 14 1238 491 39 59 689 219 28 17 
13 127 319 83 57 846 275 44 26 807 255 32 23 802 298 48 34 198 441 118 104 33 289 84 46 433 222 30 20 456 253 35 26 948 313 62 33 853 236 34 17 146 284 67 36 510 218 26 21 734 261 30 22 425 315 45 45 858 299 48 32 401 252 39 27 768 258 27 20 112 268 61 34 506 247 30 25 736 235 33 20 477 209 24 15 259 204 51 17 290 268 15 38 0 263 44 47 717 221 27 16 937 353 112 86 484 383 69 89 930 351 104 85 0 345 53 72 1223 484 57 70 690 218 25 17 247 208 36 16 33 249 99 35 484 383 69 89 67 243 89 29 496 193 22 13 283 202 33 16 732 242 27 18 
14 124 319 85 57 857 299 49 31 847 273 42 27 947 311 61 34 848 234 38 20 34 289 83 45 511 218 26 21 806 251 33 26 145 284 69 36 434 222 30 21 457 252 33 28 188 439 129 113 735 260 28 21 424 316 45 48 806 298 39 29 401 253 39 28 114 269 58 33 732 235 37 21 768 255 27 21 507 248 30 25 260 203 52 17 290 269 15 36 478 209 24 15 932 346 100 88 716 220 27 17 736 195 31 15 282 201 36 17 0 262 45 48 689 217 26 18 944 349 95 88 484 387 71 90 484 387 71 90 1206 470 72 91 1 346 51 72 69 242 87 31 33 249 100 35 248 207 36 17 496 192 20 14 662 217 28 19 0 346 57 90 
15 120 320 87 55 856 297 43 30 842 271 48 25 434 221 29 21 35 288 82 44 147 284 65 35 803 296 41 29 455 251 36 28 735 257 26 22 423 318 46 48 112 266 60 34 945 306 60 37 511 218 25 20 848 232 36 18 732 233 34 21 769 255 26 19 507 246 31 26 804 250 33 22 183 447 120 115 400 252 40 28 927 345 107 87 475 407 81 77 478 208 24 15 1199 469 78 83 0 261 45 47 247 206 38 15 714 218 27 18 738 194 31 16 284 200 33 16 689 217 25 18 72 241 82 31 258 202 41 17 1 346 49 71 285 268 16 36 479 391 74 91 36 251 55 35 426 182 20 12 938 348 97 84 
16 112 319 89 56 797 291 43 32 850 296 43 27 799 249 35 22 836 269 43 27 475 206 26 15 451 251 40 28 508 218 26 20 938 305 64 36 30 285 81 47 431 221 30 20 142 282 67 37 730 256 26 21 399 253 31 27 505 248 30 24 730 231 33 21 107 266 64 32 282 269 16 34 759 249 32 23 838 231 40 17 1181 461 92 85 414 314 53 54 918 345 112 87 470 405 81 86 1214 543 64 107 175 451 127 124 0 261 41 45 246 204 40 16 734 193 32 15 497 191 22 14 69 240 81 30 711 217 29 18 138 232 42 21 284 196 33 17 689 217 26 18 0 328 51 95 472 390 77 97 259 199 39 18 179 452 136 121 
17 104 320 92 56 846 294 40 27 24 286 87 45 831 270 39 25 136 283 65 38 926 302 62 34 425 222 30 21 102 264 64 34 395 254 31 27 471 204 24 19 793 247 33 22 447 253 35 29 276 269 17 35 836 230 36 18 415 325 42 45 242 203 40 17 755 249 36 23 794 293 40 30 1168 457 112 75 501 219 28 20 499 249 28 21 466 403 82 94 1200 538 78 111 718 235 31 18 166 456 127 132 68 240 78 31 914 349 98 79 2 261 37 45 134 232 44 22 269 197 41 17 494 192 23 14 728 231 32 18 737 195 30 16 723 257 26 19 708 217 30 15 917 343 90 77 162 466 137 123 1172 462 107 78 421 180 18 12 689 219 26 16 
18 99 319 92 58 132 283 65 39 445 253 35 29 788 248 32 20 920 300 64 34 832 289 51 34 421 221 31 21 20 286 83 44 785 289 38 34 390 253 30 29 99 263 65 35 497 220 31 19 828 269 34 22 408 327 49 45 469 205 24 19 718 257 30 20 831 230 34 18 273 269 15 35 752 249 34 21 268 197 39 17 1157 449 123 80 240 201 38 18 497 254 30 21 141 472 143 124 468 405 76 101 714 234 36 19 908 337 94 78 32 239 102 36 492 191 24 15 1 260 34 45 421 180 18 11 1176 531 103 123 707 216 25 15 725 229 32 19 
19 97 319 93 58 421 220 30 22 920 299 62 35 389 253 30 28 129 282 66 38 786 245 34 21 445 253 35 29 405 328 52 46 468 205 25 18 498 219 30 19 21 285 81 43 267 196 37 16 99 261 73 38 271 267 17 38 1155 444 124 75 831 282 45 34 717 255 30 20 752 249 33 20 829 228 35 18 783 289 41 26 242 200 34 18 495 248 32 24 493 191 23 14 827 267 36 23 1167 523 113 136 909 332 88 80 139 479 139 128 418 179 21 11 467 404 80 107 714 232 32 20 18 241 99 37 714 248 29 21 733 194 30 16 0 343 28 74 664 208 29 19 2 257 31 46 707 217 28 16 139 479 139 128 
20 96 318 95 59 831 284 45 30 131 279 68 40 392 254 30 27 421 218 33 23 784 286 40 29 445 253 35 28 920 298 57 34 753 246 31 20 470 204 24 18 789 243 32 21 272 266 16 37 23 285 82 42 827 264 39 20 408 327 48 49 266 194 39 16 498 220 32 18 496 247 35 25 1163 446 111 61 99 260 73 37 718 247 28 22 466 426 84 96 1161 513 119 124 124 489 154 134 713 230 35 19 495 190 23 14 829 225 34 17 473 193 24 16 662 207 30 17 729 223 30 18 721 255 27 20 908 329 84 77 244 197 36 18 492 182 24 13 22 241 90 36 0 344 28 70 908 329 84 77 420 178 18 12 640 192 30 18 67 234 81 34 
21 92 313 97 62 389 252 30 29 421 217 29 23 826 283 44 28 495 247 34 25 1158 441 103 63 23 278 79 46 124 278 71 39 915 294 54 36 823 262 37 20 468 202 26 19 445 251 35 31 404 327 49 51 269 265 16 38 780 285 41 27 786 243 29 20 97 257 75 35 498 216 32 21 1150 511 130 119 265 193 39 16 714 246 28 22 826 225 35 17 461 422 89 106 242 196 38 18 751 244 32 19 663 206 33 19 125 489 129 148 712 231 29 17 472 193 25 19 909 293 38 32 19 239 94 36 727 221 29 19 1 249 33 49 490 181 26 14 907 325 76 82 81 231 58 31 416 176 22 13 496 189 22 14 734 191 30 15 0 342 24 73 
22 85 312 99 63 415 216 30 23 384 252 34 28 396 328 55 51 824 280 39 28 904 290 58 31 490 247 36 25 120 277 71 39 440 253 34 28 18 277 79 45 467 201 25 19 778 282 35 28 496 216 30 20 1151 437 94 58 93 255 75 36 744 242 28 19 713 246 25 20 265 191 38 16 822 224 35 17 236 195 40 19 786 243 27 18 265 266 16 36 812 260 41 21 888 322 87 83 68 228 78 30 470 193 25 19 665 206 30 17 0 325 16 85 1 248 29 49 713 222 35 18 490 181 25 15 711 230 25 16 16 238 90 35 102 512 162 141 889 314 81 81 442 245 32 25 112 499 128 151 459 423 88 111 1127 504 153 108 459 423 88 111 704 209 27 15 
23 83 310 100 64 1154 434 80 54 415 213 30 24 823 278 39 28 384 251 33 29 397 328 52 53 902 288 55 30 19 276 77 43 119 274 70 42 490 246 37 25 439 252 36 28 712 244 27 20 777 279 38 29 94 253 75 37 466 200 26 18 236 192 39 19 262 188 41 17 496 215 29 19 743 241 30 18 810 257 44 22 469 194 24 19 823 222 32 17 1116 491 164 114 710 220 35 20 88 498 165 162 45 228 91 34 490 181 26 15 876 319 102 85 266 265 14 34 440 244 33 27 881 314 90 80 0 247 31 49 0 327 16 83 664 205 30 18 691 206 27 17 
24 83 312 101 61 416 214 29 23 385 252 33 28 1157 427 70 53 441 253 34 28 902 285 55 32 398 328 50 57 121 276 70 40 491 246 37 25 20 276 80 43 713 243 25 20 239 192 41 17 469 193 24 18 739 235 33 24 499 215 30 19 821 273 37 31 93 253 78 36 468 201 24 16 809 256 44 22 263 187 41 17 711 220 33 19 490 181 26 16 265 264 16 36 777 279 34 28 824 221 31 15 780 236 26 20 1107 484 171 111 80 518 169 173 664 203 29 18 1 248 33 47 42 229 95 33 646 203 26 19 74 530 185 161 443 245 29 25 879 310 87 79 461 422 94 137 879 310 87 79 715 180 32 16 16 237 95 36 
25 81 312 101 62 417 215 30 23 384 251 35 30 901 283 56 33 442 252 35 31 121 275 71 42 21 276 80 43 494 247 35 24 500 214 29 21 240 192 37 18 468 201 24 17 399 336 51 54 713 243 26 19 1152 423 65 51 739 235 34 24 267 187 39 18 94 253 76 37 711 219 33 20 265 265 16 38 823 273 33 30 766 274 31 27 67 528 151 179 471 194 23 18 489 180 27 15 816 218 35 15 37 228 101 33 808 254 45 38 778 273 33 28 873 307 92 78 1 247 33 48 458 437 98 131 776 235 30 20 1107 480 167 103 666 204 30 19 644 202 28 19 
26 76 318 101 59 416 215 30 23 382 252 37 30 119 277 69 40 895 280 57 35 439 251 36 32 20 276 81 43 735 234 36 23 500 214 29 20 239 192 39 18 493 246 36 27 395 335 55 58 468 201 24 17 764 271 34 31 712 241 28 20 816 216 35 16 806 253 45 41 94 253 78 36 269 187 37 17 709 218 35 20 471 195 23 16 1141 413 62 51 48 544 172 175 812 268 41 31 490 180 27 16 36 228 102 34 1 247 33 49 666 204 29 18 1107 464 162 109 777 233 28 21 265 263 15 40 687 203 29 16 641 188 29 20 868 304 95 74 1088 468 178 101 868 304 95 74 416 169 21 13 
27 414 213 30 25 376 250 42 32 73 318 93 60 759 271 36 29 18 274 79 45 890 277 53 34 113 274 73 44 392 336 56 61 732 231 33 22 434 251 37 31 465 200 26 17 491 247 37 25 236 189 39 19 810 267 40 28 497 214 29 19 815 215 33 15 705 232 29 26 707 215 33 20 259 266 14 33 488 178 27 18 263 187 36 16 802 253 45 38 101 252 61 36 863 302 92 72 65 225 80 33 807 250 37 20 31 561 179 157 665 204 29 19 773 230 23 21 1137 411 53 46 707 209 32 17 34 553 172 162 690 203 27 16 0 247 32 48 1089 460 169 100 643 188 23 22 13 233 97 39 
28 72 318 93 65 414 215 29 24 375 252 43 32 20 275 77 45 112 277 74 43 759 270 34 28 493 253 37 26 388 346 64 59 432 252 39 32 464 200 26 18 233 191 42 18 891 275 50 36 730 232 32 21 496 215 30 20 264 187 38 16 92 253 73 37 814 215 32 16 256 267 16 35 809 266 35 28 707 216 33 18 802 252 42 39 706 234 30 22 467 194 22 18 490 181 24 15 862 299 88 74 1095 464 149 88 454 463 103 141 772 232 24 19 64 227 81 32 667 205 26 17 711 242 26 17 0 248 31 48 1115 399 63 50 692 203 25 16 713 178 33 16 
29 417 219 29 22 381 255 39 30 74 322 103 61 761 269 37 28 469 203 25 18 26 279 77 44 118 281 72 40 499 217 31 20 440 253 37 34 496 256 37 25 731 231 34 21 238 195 41 17 95 257 76 35 815 216 32 14 266 190 42 17 891 274 51 31 811 265 37 28 707 233 30 22 773 231 25 19 1128 464 115 80 708 217 34 19 492 182 25 14 393 345 59 64 713 242 26 18 861 299 89 72 472 194 24 16 1 250 37 47 30 235 102 37 70 229 80 32 666 205 30 17 19 585 180 135 809 249 35 20 497 189 20 13 708 208 29 16 716 179 33 16 261 270 15 34 
30 420 218 31 23 73 323 107 62 503 215 32 22 32 277 76 48 385 256 34 30 736 231 27 19 121 280 72 42 472 203 25 17 444 253 37 35 893 272 46 34 765 265 35 31 772 230 35 18 503 255 31 26 243 196 36 16 266 191 41 16 708 231 28 23 806 249 42 40 709 218 31 18 99 255 75 37 710 207 28 16 808 247 38 23 888 271 34 29 814 265 32 26 816 211 30 17 495 182 24 14 1109 444 124 89 0 250 40 48 394 347 57 63 265 268 15 39 29 234 108 38 68 229 84 33 474 194 25 17 731 181 31 16 455 476 107 165 668 204 27 16 864 295 86 80 
31 75 322 91 65 383 255 36 30 418 218 30 22 32 275 76 49 504 215 30 20 118 280 72 41 735 230 28 17 471 202 25 17 709 232 25 19 442 253 38 34 1119 460 99 61 241 194 39 16 891 269 46 34 764 263 35 30 502 254 33 27 390 351 62 65 805 260 39 27 812 210 32 17 496 180 25 16 806 245 38 24 474 194 24 18 270 189 37 16 0 249 40 48 711 216 28 18 65 228 88 32 711 208 30 17 99 254 76 37 30 233 109 39 866 283 70 83 774 229 29 16 419 170 21 10 261 268 16 37 664 194 27 16 771 225 26 17 
32 118 279 74 41 74 322 102 60 503 253 35 27 421 216 32 23 1127 460 83 57 763 258 35 29 32 273 78 49 507 212 28 23 384 255 38 30 887 265 52 31 444 252 38 36 473 193 26 19 812 206 35 18 738 229 25 17 810 256 34 27 713 230 25 19 245 191 37 16 802 240 45 40 0 248 42 48 395 351 57 66 100 251 76 39 493 178 26 17 714 206 31 18 68 226 87 32 473 202 23 14 771 224 29 18 265 266 16 41 867 290 69 68 268 186 35 18 710 218 26 17 417 168 22 12 33 233 99 37 283 183 33 16 732 177 29 17 665 194 29 16 
33 74 322 106 60 121 279 76 40 509 254 34 27 513 213 28 22 38 275 83 45 425 215 31 23 778 220 32 21 388 255 37 31 447 252 43 34 812 253 39 27 268 268 16 36 899 265 40 30 741 220 29 23 768 258 41 27 246 191 41 16 718 229 25 19 0 249 45 45 397 358 63 63 816 205 34 17 257 187 38 18 285 183 36 17 514 179 21 16 66 227 96 32 478 195 24 17 727 205 29 21 689 193 25 16 101 253 78 35 483 201 23 16 734 175 32 18 867 280 75 78 888 262 35 25 491 178 21 17 1140 444 67 69 
34 509 254 36 27 122 276 74 41 74 320 102 60 40 272 80 44 389 254 36 32 779 217 32 21 768 251 42 31 483 193 23 20 515 207 27 23 448 250 42 35 897 259 43 30 393 358 66 64 426 212 30 24 286 181 35 17 267 266 16 37 716 220 29 19 816 251 31 27 0 243 55 51 60 224 99 34 812 235 39 41 743 220 27 20 818 203 32 14 888 259 35 26 514 177 22 16 247 189 40 15 730 204 28 18 712 193 27 15 689 191 25 16 813 235 36 20 865 275 73 80 419 166 26 11 865 275 73 80 
35 120 273 74 43 38 269 82 46 72 317 95 65 386 252 39 34 512 204 29 24 776 214 34 21 508 251 36 29 812 244 32 28 742 217 28 18 446 249 39 36 390 358 65 69 884 255 41 27 257 181 47 18 426 211 30 24 265 265 17 37 713 220 28 19 766 248 37 32 477 191 25 17 286 178 34 16 0 240 58 51 811 232 35 24 33 226 110 33 714 205 29 19 514 176 19 15 95 248 84 35 867 277 66 70 710 191 27 16 863 272 69 78 1037 355 40 46 490 176 21 17 
36 514 205 30 22 122 273 73 41 73 317 95 64 389 252 36 33 510 251 37 29 484 191 25 19 449 248 41 36 814 242 33 26 43 265 81 45 883 249 43 33 778 211 32 23 393 360 67 71 717 216 25 20 741 213 28 20 256 180 47 19 266 266 17 34 285 177 38 16 428 210 34 25 0 242 58 46 812 230 34 26 770 245 38 30 37 226 99 32 817 195 34 16 513 174 23 17 1254 421 25 33 689 191 25 17 93 215 78 30 1035 351 51 42 715 193 28 17 497 167 24 16 491 177 21 17 864 272 69 75 
37 490 191 23 19 519 206 32 22 73 317 106 63 128 272 72 42 515 253 40 27 454 250 40 36 394 252 38 35 770 244 39 28 719 218 28 17 430 208 35 23 50 265 79 44 897 251 42 30 818 241 32 25 116 243 76 33 262 181 42 18 400 362 66 73 778 209 34 21 270 265 17 34 1036 349 55 44 825 194 31 18 0 242 60 45 734 195 29 17 289 176 41 16 753 215 28 17 460 537 126 175 45 226 87 32 513 166 27 17 95 215 78 31 816 229 36 26 517 174 23 17 886 249 39 25 
38 492 189 23 21 520 206 35 23 127 272 73 43 72 317 108 63 772 244 37 27 455 251 40 37 516 252 42 31 395 252 38 36 51 264 79 45 433 210 32 24 827 194 29 18 1032 346 61 48 779 209 32 20 264 180 39 18 118 243 78 32 270 266 18 34 292 176 40 16 889 246 49 31 720 217 27 18 0 236 62 49 733 193 28 18 819 240 29 24 399 363 69 80 755 215 27 16 815 228 37 29 98 215 76 32 49 227 80 32 1023 392 63 63 516 166 25 16 522 174 20 16 740 164 31 17 1245 407 34 54 735 215 27 18 495 178 21 17 
39 489 191 24 20 70 318 98 65 123 273 75 42 519 206 33 23 430 210 33 25 513 254 40 28 453 251 39 38 50 265 78 44 390 254 38 33 776 209 33 20 1022 342 78 46 263 181 42 17 267 265 17 37 113 242 79 34 812 241 28 21 882 246 44 29 719 216 26 18 290 176 40 16 0 243 62 43 772 242 36 27 816 229 30 25 1228 393 52 62 46 226 84 32 824 194 31 17 462 573 118 140 97 214 77 31 513 167 27 17 739 205 33 24 396 373 62 77 514 173 26 18 1017 386 68 72 
40 69 320 99 65 488 190 24 20 121 275 76 41 451 253 41 38 429 210 34 25 513 254 40 29 517 206 35 24 390 254 37 34 779 209 31 18 50 264 79 45 879 245 51 31 764 242 40 26 115 242 78 33 262 180 44 18 264 264 19 39 1020 340 72 42 813 227 29 27 817 192 32 17 718 216 27 17 0 243 63 43 290 175 39 17 741 206 31 22 45 226 88 32 813 241 25 20 392 379 68 77 94 215 80 30 730 193 29 18 514 166 26 18 717 192 30 17 392 379 68 77 1221 391 59 65 517 173 24 18 688 180 28 17 1015 380 70 62 
41 69 319 100 67 121 274 77 42 521 207 34 22 54 263 77 46 490 189 24 21 453 253 40 38 430 209 34 26 880 241 47 30 516 252 41 33 779 205 34 20 392 255 41 34 266 264 18 39 263 179 40 17 1017 335 76 39 769 239 40 25 0 236 62 49 813 226 30 29 293 174 39 17 738 204 33 22 96 214 80 32 113 242 83 32 394 380 67 79 819 190 31 17 1012 381 82 74 730 191 30 19 517 167 23 15 720 215 25 17 720 206 25 19 1218 388 62 65 494 177 21 18 1014 376 72 71 53 222 107 35 742 160 29 18 394 380 67 79 762 164 27 15 
42 490 189 24 20 56 261 77 47 121 273 76 42 68 318 100 67 522 206 35 22 453 253 43 38 1014 331 80 39 778 203 36 21 879 237 50 32 517 253 40 32 391 254 41 35 429 207 36 25 264 264 20 38 738 204 33 19 0 235 65 50 264 177 41 17 811 228 28 25 517 166 26 17 1007 368 93 77 291 172 38 18 114 239 83 35 389 384 71 82 818 221 28 22 768 238 42 25 91 213 86 32 389 384 71 82 1211 382 69 57 820 188 29 15 720 206 25 18 493 179 21 17 732 191 29 18 
43 70 321 97 69 122 273 77 44 492 189 23 20 57 262 77 48 455 254 41 40 393 257 41 34 434 209 31 27 525 206 30 23 879 236 50 32 1011 324 81 42 778 203 35 20 266 264 19 41 0 236 66 49 522 252 36 35 741 202 30 20 288 173 45 18 719 206 26 19 117 239 81 36 776 232 38 25 268 178 38 16 1003 364 95 75 827 187 24 17 733 190 28 19 813 228 26 24 518 166 24 16 388 387 74 90 1198 371 82 77 496 177 22 18 94 214 84 32 769 239 40 23 818 220 28 22 501 166 23 16 1003 364 95 75 56 221 105 36 
44 129 276 74 47 497 192 25 19 70 328 107 67 438 213 31 25 1010 324 82 41 880 236 50 32 66 265 76 46 529 205 33 27 458 257 45 42 269 267 20 39 395 260 41 37 780 202 34 22 1211 377 69 61 527 256 39 36 772 238 38 26 1002 361 99 77 289 177 42 18 831 188 25 18 1 243 66 45 58 224 113 35 268 182 43 18 731 190 30 21 780 231 39 28 128 242 75 35 751 206 35 20 734 204 31 21 521 166 26 17 390 406 80 80 307 175 33 17 390 406 80 80 
45 69 270 72 44 70 330 108 67 1005 323 83 42 441 216 30 25 1199 376 81 58 462 263 42 39 498 193 26 19 528 264 42 33 775 239 34 25 882 237 46 31 129 278 75 46 783 204 31 21 400 262 39 36 533 204 30 29 995 361 112 76 0 246 69 45 752 207 34 20 63 227 103 36 831 191 25 16 729 192 32 19 285 180 44 19 310 178 33 17 387 406 90 89 136 248 64 39 273 279 18 33 808 230 28 23 781 233 35 25 735 205 30 20 498 201 26 15 387 406 90 89 522 175 24 18 
46 70 333 111 67 1003 323 80 38 535 212 30 25 443 218 30 24 464 265 42 41 69 271 77 44 1191 370 89 57 130 284 75 45 884 237 44 32 530 265 40 34 398 266 45 36 776 238 33 25 987 357 129 72 503 193 22 19 783 204 32 21 145 248 64 36 273 275 18 41 286 182 47 18 388 409 89 97 731 193 31 18 0 246 80 46 83 224 99 35 309 179 36 18 807 230 27 24 537 177 21 17 502 201 22 16 830 191 25 16 781 233 35 25 751 207 37 20 757 164 30 16 735 205 29 17 441 161 26 15 
47 537 213 28 25 69 333 114 66 465 266 42 42 444 218 33 26 1192 366 88 55 130 286 76 43 72 272 74 42 997 320 83 38 883 235 45 32 399 267 44 37 985 355 129 71 783 204 31 20 531 265 42 36 273 275 19 41 147 249 63 35 752 208 34 17 778 233 36 26 502 194 24 19 807 231 27 23 732 192 32 18 311 179 35 17 83 224 98 35 287 182 43 18 0 247 82 45 538 176 22 17 385 426 93 92 385 426 93 92 867 270 47 47 515 176 24 19 759 164 30 16 
48 536 213 29 25 60 334 120 69 444 217 31 26 126 287 79 43 462 265 43 43 72 272 75 42 530 265 42 38 995 313 80 42 396 267 41 38 784 203 31 20 778 232 36 25 1185 360 95 58 502 192 25 22 988 347 109 72 878 235 44 24 145 248 64 34 751 206 33 17 270 278 19 37 807 230 26 21 731 191 31 19 81 224 100 36 833 189 23 16 286 182 43 18 382 425 93 99 536 175 24 18 1 246 80 46 311 178 35 17 739 206 29 16 382 425 93 99 
49 444 217 31 26 537 212 29 25 64 335 110 68 1166 357 112 53 461 267 44 42 125 286 80 44 993 312 71 37 876 234 45 25 531 266 43 38 72 271 75 43 395 268 43 38 775 229 34 26 753 204 29 18 141 246 68 37 501 193 26 21 783 201 30 20 806 227 27 23 988 343 102 69 270 277 18 39 731 191 30 19 382 429 86 102 285 181 42 18 312 177 34 17 737 205 25 17 840 249 61 49 72 228 87 33 864 264 48 44 1 246 82 45 537 175 23 18 124 216 78 31 689 181 28 16 
50 1161 353 107 53 57 335 117 69 444 217 31 26 459 267 46 42 874 233 47 25 531 268 44 37 124 284 79 46 395 269 43 37 538 212 31 24 986 310 75 34 139 242 75 38 775 228 34 26 70 265 80 45 502 192 26 21 283 180 45 18 780 199 32 20 380 432 89 109 270 278 18 37 753 202 31 17 310 176 37 17 805 218 30 24 71 227 86 33 987 340 99 63 735 190 28 18 1 243 81 45 839 248 62 50 736 204 25 16 539 175 21 16 123 215 76 31 984 335 95 67 806 226 26 21 734 182 30 17 
51 1161 347 101 58 127 286 77 47 540 214 31 23 55 338 121 69 462 271 44 43 533 270 44 38 984 308 74 34 875 232 45 26 445 219 33 26 139 245 76 38 775 227 32 27 395 270 43 38 805 217 32 28 75 272 78 41 271 278 18 39 284 181 41 19 782 199 30 20 982 338 98 65 755 202 29 18 0 246 85 44 505 192 26 24 313 177 39 16 735 190 28 17 381 447 86 110 840 249 60 48 79 225 104 34 733 181 30 17 538 174 23 18 516 176 23 19 986 335 91 63 381 447 86 110 
52 127 287 76 49 462 276 46 44 537 275 43 37 61 341 111 70 539 215 34 25 874 233 45 25 507 199 28 22 982 309 72 33 1151 344 105 63 399 275 42 38 142 247 74 38 445 222 34 29 776 229 31 26 81 273 74 43 755 204 29 17 380 453 89 116 785 202 28 19 985 339 89 64 805 223 31 27 0 247 87 46 311 180 40 17 118 223 79 34 736 192 27 17 271 280 18 40 541 175 22 19 852 261 51 41 514 176 22 20 736 205 23 16 293 183 41 18 
53 1151 343 99 57 463 279 45 46 127 292 74 46 538 281 44 37 510 203 27 21 447 227 31 27 397 278 45 41 55 343 119 72 542 218 34 26 141 249 78 39 83 274 72 45 979 308 70 35 875 235 41 22 784 203 31 20 317 182 39 17 754 208 30 16 984 339 84 64 778 231 32 25 375 461 89 120 806 226 29 24 290 188 36 17 2 249 82 47 735 192 29 17 540 177 24 18 845 251 54 48 120 226 81 31 271 292 18 35 442 164 29 15 
54 1152 342 88 53 124 289 79 50 55 343 112 71 538 283 44 37 446 227 32 27 508 203 28 21 542 218 36 26 394 282 45 37 463 280 44 44 873 235 44 22 977 302 67 37 143 248 76 39 318 182 38 18 775 230 35 25 83 274 73 44 289 186 36 19 782 202 32 20 370 473 91 120 804 225 31 25 734 191 30 18 753 206 30 16 541 177 24 18 1 248 84 46 987 338 78 61 847 260 54 41 269 283 17 37 84 228 107 35 445 165 27 14 
55 121 289 78 49 55 342 110 72 540 282 43 38 1154 336 77 54 509 201 29 21 541 216 37 27 140 246 77 39 872 231 43 24 462 278 46 47 393 278 46 41 446 224 34 28 82 273 73 42 973 301 66 31 804 217 32 26 315 180 39 16 773 227 34 24 363 479 96 123 844 251 55 45 1 246 85 46 736 190 28 16 754 203 31 17 118 224 78 31 973 329 85 64 541 176 24 19 781 199 32 20 267 281 19 40 86 226 99 34 291 182 39 20 732 181 30 17 510 194 25 20 
56 119 288 83 48 47 343 126 70 540 281 44 40 1155 332 71 49 542 215 36 26 460 277 48 48 508 199 29 22 872 228 41 25 393 278 45 41 445 221 35 31 801 215 34 26 141 244 78 39 968 296 69 31 288 182 41 19 82 270 74 44 353 489 105 132 843 252 53 41 265 279 19 43 1 249 86 40 317 177 39 17 780 195 33 21 515 177 24 19 988 326 69 59 78 225 113 32 772 226 35 23 541 174 23 19 736 190 30 16 733 181 30 17 141 211 82 31 753 201 28 17 123 216 82 32 
57 43 343 126 71 1154 327 61 51 118 288 83 48 543 214 35 26 392 281 47 39 539 282 44 39 460 277 46 49 871 224 39 27 507 198 29 23 804 215 29 24 142 241 79 39 82 263 75 48 444 222 34 29 289 180 38 18 350 499 105 129 986 323 65 57 315 176 41 16 2 246 86 42 782 194 30 19 966 292 64 31 839 249 55 43 543 175 23 18 264 279 19 44 515 177 21 18 77 224 110 33 734 180 29 17 768 221 33 23 754 195 33 17 784 219 30 21 737 191 28 15 691 179 27 16 
58 41 345 127 72 118 289 81 50 508 198 28 23 541 215 38 27 444 223 33 29 540 286 43 39 390 282 47 40 141 241 80 40 457 283 51 49 83 265 73 45 803 214 30 23 289 180 37 18 870 225 38 25 1159 324 48 52 317 175 39 17 334 507 124 152 962 292 64 30 841 249 51 43 782 194 29 17 2 245 85 44 984 321 57 59 765 221 36 24 758 195 31 16 732 180 31 18 542 175 22 18 515 176 22 19 734 191 29 16 79 223 107 33 121 216 80 32 864 222 35 21 788 218 30 20 522 165 25 17 
59 37 345 130 74 113 290 82 51 504 199 31 23 441 225 33 28 539 215 40 28 145 244 72 39 535 288 49 41 455 285 52 50 387 285 45 41 82 265 74 44 314 176 41 17 336 512 109 159 801 214 30 23 288 182 38 17 780 194 28 18 2 246 82 42 958 289 62 28 1151 328 47 43 789 218 31 19 766 220 33 25 840 249 48 43 862 222 36 21 733 180 30 18 867 225 39 25 516 175 25 22 540 174 24 20 817 178 27 17 738 191 28 16 123 216 76 33 78 223 106 35 828 243 62 48 
60 30 348 129 72 111 290 77 50 439 225 34 28 535 288 48 45 536 215 43 30 385 286 45 41 143 243 75 37 502 198 32 25 452 284 52 55 288 180 41 18 945 287 65 30 79 264 77 45 859 222 39 21 1 246 84 41 313 175 42 17 790 216 32 21 1093 322 91 41 761 220 37 25 514 176 24 21 539 174 24 19 776 194 30 17 814 178 28 17 731 180 32 18 77 223 108 34 808 208 26 19 739 191 29 17 799 213 31 21 330 522 134 165 506 192 26 23 121 216 79 31 758 194 37 17 332 518 112 168 826 242 61 47 689 178 27 16 540 166 22 17 
61 30 347 125 82 438 225 35 29 108 287 82 53 535 290 47 46 144 242 75 39 538 215 41 30 383 287 48 42 80 262 78 50 503 199 32 23 451 286 52 56 855 221 43 22 288 180 43 17 1089 321 91 40 941 284 67 34 806 207 28 21 762 220 32 22 312 175 42 16 2 245 81 41 513 175 25 22 777 194 30 17 790 215 30 20 80 222 102 34 539 173 24 20 731 179 31 18 814 177 28 18 740 191 28 17 962 312 63 57 118 215 81 32 328 538 117 171 250 283 23 53 825 242 57 46 689 177 27 17 539 165 23 17 821 234 60 52 
62 28 349 125 79 532 294 51 44 380 290 49 43 437 228 33 28 537 215 40 31 106 300 78 42 503 200 31 23 855 221 41 23 449 289 51 54 137 241 81 39 287 180 42 18 938 284 65 30 1085 317 87 44 78 265 78 44 760 219 34 23 805 207 29 19 787 215 30 21 0 245 87 43 514 177 24 21 540 174 23 19 313 175 41 17 738 191 28 17 247 285 22 51 1211 410 69 88 776 193 28 17 812 177 29 18 731 179 31 19 312 560 132 157 76 223 111 34 821 236 57 49 944 310 67 57 540 166 22 17 690 178 26 17 
63 23 351 127 76 105 301 78 42 378 293 49 43 436 228 34 30 140 244 74 38 533 298 52 45 77 272 77 41 537 216 39 31 934 282 65 30 759 219 30 22 445 295 54 54 854 221 37 23 504 201 28 24 288 181 40 18 804 207 29 19 947 309 63 55 1219 410 61 70 787 214 31 20 312 176 40 16 243 288 24 49 2 244 85 44 738 192 29 17 765 193 34 17 540 175 23 19 290 571 150 146 822 242 54 45 79 223 106 35 516 177 24 20 121 216 78 32 811 176 28 18 1078 313 45 46 732 180 30 18 689 178 26 17 1077 315 92 44 
64 103 299 81 45 19 354 128 73 534 300 50 46 435 228 35 30 377 294 49 43 756 217 32 25 849 219 43 25 932 279 64 32 79 265 76 44 136 241 81 39 1068 308 54 43 537 216 40 31 445 297 53 54 288 180 40 18 1217 403 63 71 803 206 30 19 503 204 24 19 948 313 57 45 763 193 34 17 241 289 23 49 820 237 52 44 739 194 29 16 786 213 29 19 514 177 23 20 541 175 22 19 1 244 85 44 313 176 40 16 732 179 29 18 686 176 28 19 811 176 29 18 78 223 109 34 302 590 128 121 120 216 80 31 523 153 19 9 540 166 22 17 790 208 36 21 
65 18 355 127 75 101 300 83 46 535 302 49 47 376 298 51 43 1066 307 60 42 435 229 36 30 852 218 37 23 139 241 79 39 757 217 30 22 1213 398 67 69 80 265 77 43 288 180 41 18 504 202 29 24 931 276 62 34 539 217 39 31 444 296 55 60 814 236 55 46 803 205 30 19 513 178 24 20 939 305 60 47 787 208 38 21 2 247 83 41 739 193 30 15 314 175 40 17 765 192 31 17 541 174 22 20 242 291 19 45 810 176 28 18 281 602 157 118 731 179 31 18 78 223 107 35 523 154 19 9 783 213 30 18 540 166 22 16 122 216 77 31 688 176 27 18 
66 11 356 134 78 98 301 84 46 1062 304 64 42 374 298 52 45 535 304 51 49 434 230 37 31 924 275 65 29 849 217 41 24 140 241 80 40 755 217 31 21 814 237 54 43 287 180 39 18 786 208 38 21 1214 391 66 70 504 202 29 25 81 265 76 44 444 297 54 63 542 226 35 24 315 175 41 17 938 303 58 45 2 246 83 42 514 178 24 20 811 177 29 17 542 176 22 19 738 192 28 15 767 191 30 17 804 204 28 19 730 179 31 17 239 293 21 41 79 223 104 35 522 154 19 9 522 166 22 14 123 216 76 32 
67 6 356 133 80 95 299 87 49 371 298 53 47 1055 300 69 42 847 214 41 26 144 242 76 38 434 230 38 32 1216 391 64 65 535 305 51 51 786 207 36 21 757 215 27 22 442 299 56 61 503 202 30 26 81 263 77 46 816 234 50 44 289 180 40 17 920 272 64 33 542 225 35 25 1 244 84 45 513 178 25 20 313 174 42 18 767 190 29 18 812 175 29 17 738 190 26 16 541 175 22 20 79 223 104 34 802 202 30 20 729 180 31 16 937 299 52 49 120 215 80 32 689 176 25 16 
68 5 357 132 84 93 297 87 52 370 302 54 45 1051 299 70 41 848 215 37 24 144 242 76 38 534 310 53 53 432 230 38 33 436 305 66 63 756 216 29 20 1215 395 62 52 785 207 36 20 501 203 27 23 80 263 79 46 917 272 62 32 817 237 47 39 542 226 36 25 289 180 40 18 1 244 84 45 768 190 28 18 313 174 42 18 512 178 25 20 542 176 21 19 811 175 29 17 79 223 103 35 231 296 24 51 738 191 27 16 801 203 30 18 121 215 79 32 936 299 51 50 
69 4 360 135 84 92 302 86 50 1047 297 74 40 541 227 36 26 533 314 54 54 142 241 78 40 845 215 40 25 370 304 51 49 754 215 30 22 501 204 27 24 785 207 35 20 431 235 40 30 287 180 40 18 79 265 80 44 436 309 59 61 815 237 47 39 917 271 58 33 316 175 40 17 2 246 83 42 542 176 21 20 1217 403 55 40 808 175 30 18 736 191 30 16 767 191 27 17 514 178 22 18 231 297 22 52 523 154 19 9 523 166 23 13 122 216 77 32 80 223 102 35 540 167 22 13 
70 3 367 130 80 89 301 88 57 541 227 36 29 431 237 40 31 367 311 56 48 1042 297 78 40 142 245 75 40 846 218 37 24 315 178 39 17 535 322 52 53 783 207 38 20 754 216 30 23 80 272 79 43 916 273 56 31 813 239 50 39 1 246 86 46 229 302 22 50 439 310 52 66 504 210 29 25 764 193 30 17 736 195 30 15 443 163 23 14 117 222 79 33 292 182 35 18 512 188 22 17 808 178 29 18 920 298 59 48 540 176 24 21 515 177 25 22 520 165 25 14 163 210 55 32 717 176 31 19 
71 1 368 131 82 1040 296 77 41 503 209 31 27 88 307 85 54 541 229 38 28 431 240 40 31 532 324 59 55 141 246 78 40 847 218 35 23 784 207 39 20 363 311 56 50 755 217 29 21 316 179 39 16 78 272 83 43 916 271 52 32 1 247 85 45 765 194 30 16 437 318 57 64 512 188 26 18 815 238 47 40 920 295 57 50 291 183 38 18 808 180 28 16 119 223 77 31 736 194 29 15 518 177 26 22 230 305 20 40 445 162 25 16 0 293 10 35 
72 0 368 131 85 1035 295 76 39 87 308 84 53 504 209 30 27 431 241 40 30 783 206 39 20 142 244 78 41 542 227 39 31 846 217 35 22 363 313 55 51 753 215 31 22 531 326 59 56 808 236 49 36 315 179 41 16 917 291 53 48 915 269 50 33 0 246 88 46 82 276 77 37 117 222 79 34 434 319 60 67 291 183 38 18 762 192 30 17 443 162 27 15 511 188 25 19 737 193 29 15 808 177 29 17 516 178 27 20 543 177 22 18 1216 352 64 64 1 293 12 34 177 210 53 31 227 306 20 41 
73 1027 290 77 40 0 368 128 82 540 229 40 29 83 302 86 56 913 285 51 51 527 328 63 56 428 239 42 32 143 244 74 39 359 313 57 52 503 210 31 26 783 205 31 18 753 213 32 22 846 215 33 22 802 233 52 37 80 272 79 42 903 266 56 32 290 182 40 17 316 177 41 16 765 190 28 16 1 247 85 42 545 178 21 18 1203 343 76 73 432 317 61 72 514 177 24 20 510 188 23 17 443 162 24 14 739 192 26 15 806 176 29 17 521 165 25 15 757 208 32 20 224 306 21 41 717 176 29 17 78 225 114 32 141 212 84 31 122 217 82 31 
74 0 369 120 85 1023 283 74 45 78 307 84 53 539 228 38 30 424 239 43 32 838 213 35 22 499 210 30 26 78 266 80 40 355 313 56 54 526 328 58 60 288 180 41 18 782 204 29 18 799 232 49 37 905 279 55 56 136 240 81 41 314 175 40 17 756 208 30 19 542 176 21 20 1197 349 82 58 763 187 29 18 0 244 85 44 897 264 58 33 512 177 24 19 521 166 22 14 220 307 18 40 522 154 19 9 509 187 26 19 439 162 22 14 753 213 34 22 901 264 44 20 77 224 111 33 1197 342 81 68 805 176 29 15 
75 0 368 120 88 1014 283 74 40 76 308 86 53 138 242 79 39 833 211 35 23 537 227 38 31 904 285 50 44 497 211 30 25 352 317 58 53 77 263 82 46 524 334 63 59 798 229 47 37 782 201 30 21 287 179 42 19 423 239 44 33 899 262 45 22 2 243 84 45 1188 341 89 59 312 174 38 17 758 207 30 20 521 155 19 9 511 176 25 23 80 223 101 34 542 177 20 20 429 318 59 75 760 187 29 17 735 190 29 16 436 161 24 15 215 307 20 39 121 215 78 31 510 187 23 18 520 164 24 16 
76 1008 284 74 35 0 367 120 90 75 306 87 56 498 210 31 27 538 227 38 32 350 321 60 53 79 263 81 45 139 242 80 38 527 338 60 62 899 260 45 23 423 240 45 33 1183 336 97 63 835 210 33 24 897 277 55 48 289 178 42 18 797 227 46 39 2 245 83 41 542 176 21 20 757 206 33 21 308 173 43 18 781 200 30 22 119 216 81 31 511 176 25 22 520 155 20 9 426 328 60 73 520 165 24 15 80 222 102 34 508 187 25 19 736 189 29 16 439 161 21 15 762 187 28 17 
77 1008 281 69 35 72 308 89 54 142 241 78 39 0 367 120 91 499 210 30 27 77 264 84 45 348 323 60 54 894 279 56 44 528 340 59 63 537 228 40 31 289 178 40 18 1168 335 111 58 423 239 44 35 798 227 46 38 898 258 44 25 831 210 36 24 2 244 81 43 543 177 20 20 313 173 40 17 780 198 32 23 759 205 30 20 508 187 25 19 118 215 81 32 521 154 20 10 512 176 24 21 520 165 24 15 81 222 100 35 735 190 31 16 439 161 21 15 743 203 32 23 
78 69 309 89 54 1004 278 67 38 498 212 30 25 0 370 112 96 139 241 81 39 890 278 54 44 78 263 82 46 342 324 64 56 1158 333 112 59 895 258 44 24 829 209 35 21 289 177 41 19 538 228 38 32 422 239 38 40 799 226 44 38 761 205 30 19 525 346 63 66 542 177 20 19 311 173 40 18 1 245 84 41 119 215 81 31 508 188 26 18 782 196 30 18 521 155 20 9 744 206 28 20 437 161 23 15 735 190 30 16 81 222 100 34 521 165 23 15 512 176 24 19 422 333 65 79 542 167 20 14 
79 1000 277 64 38 498 212 29 26 67 309 87 56 0 371 109 98 1159 330 99 54 523 352 65 64 138 242 81 38 77 263 82 47 340 327 64 59 421 242 39 37 795 225 44 39 759 203 31 19 889 276 50 45 2 244 85 43 828 209 33 20 539 229 39 32 290 178 42 18 892 257 44 26 308 173 43 18 734 190 31 15 119 215 82 31 509 187 27 20 541 175 22 20 743 206 30 19 419 340 68 74 780 197 33 17 80 222 102 34 512 176 25 22 714 177 32 16 1070 344 50 42 522 154 19 10 
80 997 276 66 37 499 213 29 26 66 309 88 57 0 371 106 98 1151 328 99 54 140 242 79 38 77 263 84 47 336 329 70 63 420 244 40 35 522 356 67 68 792 224 47 38 828 209 32 19 877 254 58 33 540 229 38 33 290 178 42 18 1 245 84 41 762 203 30 18 309 173 42 18 742 204 29 21 416 343 69 77 877 270 60 48 541 176 22 20 119 215 82 31 509 187 27 20 544 241 32 24 81 222 100 34 780 196 32 17 512 176 24 21 1065 341 52 46 732 191 31 15 714 176 32 17 436 162 23 14 196 317 27 48 522 154 19 10 199 335 22 31 
81 498 214 29 26 1151 326 92 50 63 311 88 56 0 374 104 99 992 274 67 37 142 242 78 38 78 263 82 48 418 246 42 37 523 363 67 67 543 240 34 26 796 228 41 30 338 330 64 65 289 179 41 18 1 245 84 41 310 173 43 18 508 189 26 18 876 252 55 35 742 204 31 20 828 209 29 18 759 203 28 18 541 176 22 21 118 215 82 32 81 222 101 35 196 322 23 37 782 196 29 16 875 269 57 48 1059 337 58 52 412 354 73 71 513 176 21 18 418 342 65 83 732 191 29 15 763 191 30 16 436 163 24 12 545 189 20 14 522 155 19 9 521 166 20 14 
82 983 271 66 35 57 309 89 57 140 241 79 38 496 214 29 26 2 378 98 94 1150 321 81 55 75 262 85 49 416 247 42 36 541 239 35 28 288 177 40 19 0 237 86 48 872 251 52 33 331 336 65 61 518 363 72 75 1051 334 81 48 785 218 47 41 873 274 53 40 312 172 37 18 742 203 29 19 757 202 28 18 779 194 32 18 825 207 29 20 507 188 26 18 71 226 86 32 119 215 79 31 542 178 20 19 190 318 26 50 520 154 19 10 412 355 69 74 435 161 23 15 520 165 24 15 546 189 18 14 415 344 62 78 717 177 29 16 761 191 29 18 511 175 25 22 542 167 19 14 
83 51 310 90 59 495 214 30 26 981 271 67 36 0 382 89 91 142 241 75 38 540 241 37 27 1149 319 72 50 413 248 44 36 74 261 85 50 329 338 67 65 0 238 86 46 739 202 31 20 1046 330 89 48 518 368 71 76 286 176 42 18 878 250 37 21 784 218 48 39 763 194 32 18 120 215 78 31 779 193 29 18 308 172 39 17 408 358 66 84 870 267 51 39 504 190 22 16 74 226 81 33 186 320 28 48 546 189 18 14 871 249 48 35 519 154 20 10 879 282 39 24 820 204 28 21 543 178 19 20 716 177 28 15 434 162 25 13 408 357 73 78 520 166 23 14 
84 981 271 62 34 495 214 30 27 52 311 87 61 142 240 77 38 1150 316 66 52 412 250 44 36 1 382 86 92 1041 328 78 46 541 240 34 28 76 260 84 50 327 339 68 65 873 249 41 21 870 267 49 40 0 238 87 46 287 175 41 19 740 203 31 20 516 380 76 74 776 193 32 19 784 217 47 40 505 187 30 20 179 324 30 51 310 172 37 17 119 215 80 30 818 204 29 21 406 362 77 81 1253 502 27 62 520 154 20 11 73 225 85 33 546 189 18 14 763 194 34 18 717 176 29 17 542 178 20 19 518 164 27 17 542 166 20 14 
85 50 312 89 62 973 266 66 36 494 215 31 26 1035 325 82 47 141 240 77 38 539 240 35 29 1150 314 57 48 411 251 42 38 75 261 85 49 2 382 81 96 873 246 38 25 321 347 68 62 0 238 87 46 516 380 75 77 287 175 40 19 781 217 47 39 739 202 30 19 867 267 45 40 817 202 30 21 174 327 31 49 310 172 37 17 762 194 34 19 776 192 31 20 506 188 27 19 118 215 80 30 1243 496 36 70 518 154 21 11 545 189 20 14 73 225 83 33 542 178 20 18 406 363 77 88 716 176 28 16 542 166 20 15 177 349 24 29 734 181 28 14 510 176 25 19 
86 43 310 94 67 969 266 63 34 493 215 29 26 409 253 45 37 1026 319 88 50 139 239 79 39 74 261 85 49 3 382 77 96 537 239 38 32 318 348 70 66 515 386 77 81 1151 314 47 45 0 238 85 45 285 175 40 19 780 217 45 39 813 204 31 21 739 203 28 18 170 329 32 48 868 245 42 24 758 191 32 21 864 265 47 39 503 190 23 17 780 191 28 20 401 373 71 88 118 214 80 31 310 172 37 17 1225 487 55 68 518 155 21 10 542 177 19 20 545 189 19 14 718 178 28 15 732 180 27 15 81 220 99 37 790 169 25 14 175 349 24 30 542 167 19 13 
87 44 310 95 67 1025 319 87 48 495 216 31 27 968 262 60 35 410 254 44 38 75 262 85 48 136 240 85 37 2 384 79 94 516 393 77 80 539 239 37 33 288 175 39 18 0 238 88 46 742 202 28 19 318 349 69 71 780 213 46 39 816 202 29 20 168 331 33 47 505 188 29 20 757 191 31 21 1217 483 63 76 779 190 28 20 869 245 39 23 119 214 81 32 1149 313 41 42 856 258 51 45 541 177 21 19 401 375 85 88 519 154 21 11 312 172 35 17 510 175 26 18 543 189 21 15 715 176 28 17 313 354 80 69 173 352 27 30 854 242 56 33 873 270 35 28 790 168 26 15 519 166 26 16 433 161 26 15 
88 1023 317 88 46 498 216 29 29 40 319 102 59 139 241 82 37 967 262 61 33 410 255 45 39 541 240 37 33 76 261 86 51 2 386 76 95 312 357 74 68 741 202 30 19 508 190 26 19 289 177 40 17 0 237 88 48 517 404 80 82 1203 469 77 92 818 200 26 23 778 213 49 38 870 244 39 24 1096 306 88 43 760 193 32 18 778 190 31 20 857 259 51 43 548 188 21 16 313 172 37 18 120 215 81 31 168 332 32 48 543 177 21 19 520 155 21 10 80 222 102 33 401 382 85 86 757 181 24 15 514 175 22 18 521 165 25 16 173 352 28 32 730 180 30 16 541 166 21 15 436 162 22 14 
89 959 260 67 32 1021 313 83 46 39 319 102 60 497 217 30 28 541 237 41 37 75 260 88 51 410 255 43 40 137 238 86 40 777 214 50 37 508 189 27 20 1 388 75 88 289 176 39 18 311 357 75 72 1093 304 84 43 518 408 81 85 1 237 88 48 1199 461 76 104 858 259 50 40 742 202 28 19 546 188 23 16 779 189 28 20 818 200 25 21 760 192 31 19 542 176 23 20 167 338 32 52 858 242 47 23 316 172 34 17 123 215 80 30 522 155 21 10 757 181 22 15 513 176 23 19 520 164 26 16 733 180 28 16 
90 956 260 64 30 1014 307 79 46 38 320 98 59 409 256 46 39 74 260 89 52 497 216 29 29 541 238 41 37 136 238 88 39 0 389 75 88 289 175 39 18 508 189 26 20 520 409 76 95 1 238 86 45 1194 460 83 93 303 358 78 76 816 199 25 21 855 254 49 37 777 211 46 39 546 188 23 17 779 189 27 19 742 201 28 19 542 176 23 19 741 192 27 17 163 339 31 51 389 395 78 99 518 155 22 11 121 215 82 30 318 170 40 17 760 192 26 17 858 241 45 21 513 176 24 18 542 166 22 15 861 239 33 17 436 161 23 15 520 164 25 16 742 180 25 16 755 179 22 15 
91 1008 307 78 46 954 254 57 33 300 364 83 78 76 260 87 51 33 320 102 58 541 238 41 39 407 259 45 40 136 237 88 40 497 217 30 29 520 416 79 98 0 389 74 91 1 238 88 45 507 189 27 20 850 254 52 36 814 200 25 20 290 175 38 18 775 211 47 38 1192 458 86 93 547 189 23 16 779 189 27 18 857 238 37 18 1078 295 51 43 742 202 27 18 122 215 80 30 317 170 41 17 518 155 22 12 385 398 84 101 855 241 47 21 542 176 22 19 741 192 27 17 759 191 28 17 756 179 24 16 512 176 24 19 542 166 21 15 435 161 23 15 738 180 27 15 385 398 84 101 
92 1003 308 78 42 951 254 59 32 31 321 101 58 495 223 34 30 406 262 44 39 1072 295 58 41 543 240 38 40 84 263 83 48 138 239 85 39 513 430 88 95 295 370 84 79 0 390 71 90 289 176 40 18 857 268 40 21 546 190 23 16 509 191 26 20 1188 451 92 87 811 199 28 21 1 237 88 48 854 241 42 22 781 216 35 27 757 192 28 17 513 176 24 17 315 172 36 18 542 177 22 18 781 190 23 16 122 215 81 30 383 401 88 109 522 155 21 11 742 201 28 19 521 165 24 15 852 254 48 33 735 180 26 15 435 162 25 14 742 193 26 16 
93 1001 306 74 41 945 254 63 31 403 264 49 40 493 224 35 30 1065 292 64 42 515 434 83 101 28 321 98 59 137 240 85 37 292 379 88 75 75 261 87 51 0 390 68 89 543 253 37 30 808 200 29 22 0 237 89 48 545 190 22 17 289 177 41 17 854 266 39 24 854 237 36 20 505 192 28 20 776 215 39 29 1185 446 95 88 120 215 81 31 313 172 37 18 377 422 87 103 147 352 33 48 778 191 26 16 514 176 22 16 742 193 26 17 496 218 27 28 519 155 21 11 541 176 21 20 542 167 21 14 742 201 27 19 761 191 27 17 80 221 105 34 521 166 23 14 
94 939 253 63 31 492 224 34 30 995 303 72 40 399 265 51 41 74 261 88 49 287 382 85 74 1059 290 68 42 136 238 87 39 18 316 106 70 851 236 37 20 514 435 87 113 807 198 30 22 289 175 40 18 774 212 39 30 502 190 34 24 543 190 23 17 851 259 39 27 0 238 86 45 0 399 55 72 543 253 37 32 143 354 34 49 740 193 27 16 512 175 26 15 518 155 21 10 518 168 24 14 119 215 80 30 317 170 38 17 370 421 93 105 762 190 27 17 1185 444 95 81 541 176 21 19 744 180 24 16 370 421 93 105 1171 442 109 84 742 201 25 19 80 220 103 36 542 167 19 13 
95 934 251 66 32 989 301 75 40 492 224 32 30 77 260 85 50 397 266 51 41 282 384 89 81 143 238 76 39 1056 287 68 42 509 455 92 106 850 234 35 21 20 315 101 72 0 238 87 45 804 195 32 19 544 190 22 17 290 175 38 18 542 253 39 32 776 212 34 28 502 190 34 24 0 390 65 89 741 192 28 18 849 256 37 29 317 170 38 17 118 214 81 31 519 154 21 11 511 174 27 17 518 168 23 14 141 354 32 51 368 424 89 110 741 201 26 19 1173 441 104 72 80 220 101 36 1173 441 104 72 541 176 22 19 743 179 25 17 542 168 19 13 
96 983 296 76 41 934 248 62 33 490 225 36 30 77 260 85 50 279 386 88 87 140 238 81 38 772 212 41 28 850 232 33 22 396 267 49 43 1053 285 70 43 802 195 34 19 1 238 87 45 14 313 110 70 542 247 40 37 511 455 92 122 544 191 23 17 290 175 38 18 0 391 61 89 846 255 39 29 741 191 28 18 503 191 32 22 317 169 39 18 1166 442 108 67 519 154 21 11 513 175 24 16 742 179 26 17 119 214 82 31 367 427 89 116 80 221 101 35 716 177 27 14 518 166 24 15 541 176 22 19 542 167 20 13 741 202 24 18 693 176 22 18 
97 979 295 74 40 1049 282 70 41 491 226 33 30 934 247 57 33 78 259 84 51 142 239 78 37 394 268 53 42 542 247 39 39 1 238 87 45 12 316 110 69 803 195 31 19 848 232 34 22 274 391 89 89 773 212 36 26 290 175 38 18 544 192 22 16 506 470 97 123 316 169 39 17 503 191 33 23 741 191 26 18 358 427 103 129 0 397 41 82 519 154 22 11 118 214 83 31 79 220 102 36 513 175 25 16 1185 436 70 64 833 244 50 41 741 179 26 17 519 167 24 14 542 167 20 13 135 353 30 58 716 177 26 15 541 177 21 18 
98 977 293 70 39 931 245 55 33 1045 280 69 38 78 259 83 50 800 194 34 19 491 226 34 30 504 480 100 128 391 268 58 48 136 235 86 40 289 174 37 19 770 210 40 29 544 191 22 18 541 249 39 39 12 319 107 68 1 237 86 46 737 191 27 18 317 169 37 17 848 231 32 22 268 400 94 90 517 154 21 12 740 179 26 16 831 239 49 40 351 437 102 130 124 353 33 59 0 399 35 79 503 194 24 18 511 174 25 17 428 163 23 13 542 167 20 14 116 213 84 31 542 176 20 19 517 166 24 16 1179 433 65 60 
99 930 244 54 32 1038 278 68 39 973 291 67 38 489 228 34 30 75 259 85 49 799 194 34 18 391 271 49 44 494 491 111 135 541 249 40 40 543 191 24 18 6 319 110 69 830 238 49 39 134 235 88 40 257 403 103 91 289 173 39 19 1 237 85 46 315 169 39 17 742 190 23 19 841 228 37 23 517 154 22 12 343 446 113 129 503 193 23 19 342 447 98 130 744 179 23 18 772 209 34 30 1224 408 54 57 715 175 27 16 509 174 27 17 0 413 33 69 120 366 35 52 117 213 84 31 541 176 22 20 542 167 20 14 517 167 25 15 119 356 36 55 
100 1033 277 66 38 926 244 54 31 75 259 85 50 970 289 67 38 390 274 50 44 487 229 37 30 798 194 34 17 541 250 39 42 244 409 112 92 826 239 48 38 541 191 26 21 493 501 112 143 7 329 104 65 289 173 38 19 134 235 88 40 1 237 86 46 841 228 34 21 315 169 39 17 509 174 26 17 502 192 25 22 517 154 21 12 115 366 35 53 764 208 41 31 741 179 26 17 340 462 98 134 738 190 25 18 540 176 23 20 1 417 29 64 117 213 84 31 429 162 22 14 502 202 24 15 713 176 29 16 338 459 116 139 760 180 30 18 
101 960 284 69 37 1036 276 63 39 919 242 55 30 74 259 86 49 388 276 50 44 238 414 121 96 540 250 40 44 109 364 38 58 824 237 46 39 485 227 41 36 4 329 107 65 490 513 116 152 540 191 26 21 797 194 34 17 288 173 39 19 133 235 88 40 502 192 25 22 510 175 25 16 336 456 105 153 315 169 39 18 840 228 34 22 517 154 22 12 0 237 87 46 761 202 39 30 737 189 23 19 742 179 23 17 1211 389 69 90 428 163 22 13 540 177 22 18 332 460 127 144 117 213 84 31 712 176 29 16 445 150 22 11 692 175 26 17 1 415 25 70 
102 957 284 65 37 915 241 54 30 383 276 53 45 1024 271 64 41 76 258 84 49 233 418 127 98 0 322 110 68 138 235 79 40 539 191 25 20 486 229 35 31 501 193 26 21 793 190 32 19 539 249 39 46 312 168 37 18 836 225 31 26 0 236 88 46 759 201 37 31 327 467 116 152 486 521 119 157 286 173 37 18 1206 392 74 84 830 243 35 30 516 153 22 13 117 213 81 31 739 178 24 17 428 162 21 13 731 188 24 18 99 364 39 61 541 167 20 14 761 179 26 17 538 176 24 20 543 271 34 26 509 175 25 16 716 178 27 16 
103 952 281 70 39 1013 267 65 40 910 237 54 32 789 188 33 20 74 258 84 46 380 277 50 46 499 192 26 21 0 321 110 71 229 424 113 103 138 234 77 40 482 228 36 29 535 251 41 43 755 201 38 29 0 234 87 46 540 190 23 20 1203 391 76 79 828 241 31 29 833 222 27 21 313 167 34 16 514 153 24 13 325 470 111 157 423 162 24 12 538 175 23 22 737 179 28 16 95 366 36 59 719 189 31 17 116 211 82 32 95 380 37 51 541 270 35 27 539 166 22 15 758 178 28 18 84 214 100 33 486 532 120 178 290 169 41 18 710 167 27 15 283 172 37 17 689 166 27 16 323 479 112 160 73 220 80 35 504 177 21 15 
104 949 278 64 35 1011 267 65 38 787 187 32 19 70 258 85 45 223 429 111 106 498 192 26 21 538 191 25 19 374 277 54 48 0 322 105 70 908 236 50 27 755 200 35 29 482 229 35 32 832 221 26 22 122 232 88 43 825 240 32 28 315 481 129 175 1050 378 54 61 311 165 35 17 480 547 116 164 534 250 42 46 537 175 24 22 421 162 25 11 88 368 39 58 514 152 22 13 1197 386 81 73 0 234 86 45 80 212 105 36 288 168 40 19 736 179 23 15 89 379 37 55 717 188 30 17 718 180 28 18 421 153 26 14 538 166 21 16 758 179 28 16 511 164 25 18 497 201 26 16 
105 942 274 65 37 902 234 53 28 69 256 85 47 784 187 32 20 1010 265 60 38 496 192 26 21 753 201 37 27 207 437 122 109 538 190 24 19 479 229 37 31 371 278 54 49 126 232 82 42 532 251 43 46 474 572 127 144 830 220 27 21 803 233 53 35 0 319 102 74 0 231 80 48 285 167 41 19 1041 375 60 62 514 152 22 13 536 175 23 21 312 164 33 17 83 211 100 35 293 496 147 177 732 178 25 17 420 154 26 15 501 176 23 14 82 371 38 54 422 161 23 11 537 167 21 15 686 164 28 19 709 165 25 17 520 141 19 9 720 180 28 19 1210 386 67 66 83 380 38 54 
106 933 272 63 34 69 254 83 48 995 260 66 39 492 190 26 21 896 232 51 28 366 280 59 52 469 587 134 128 750 199 35 26 535 189 26 20 802 227 51 35 474 227 40 37 120 230 86 42 782 186 32 19 0 327 94 70 529 250 44 48 286 502 142 181 0 231 78 46 188 443 130 114 284 166 38 19 311 163 32 17 1242 489 38 61 535 175 23 21 72 379 38 55 1033 369 66 58 272 168 39 19 514 153 20 12 829 218 24 21 718 178 29 19 500 176 22 14 709 165 26 16 64 213 104 36 535 166 20 16 753 190 32 27 72 395 39 48 419 153 25 14 502 169 24 15 1201 376 76 70 
107 929 271 67 35 989 256 65 38 490 190 27 21 893 230 50 27 65 254 88 48 535 190 25 18 530 257 42 44 365 281 54 51 747 197 37 27 119 230 85 41 1223 485 57 66 470 228 41 36 0 325 91 74 779 182 33 19 287 164 44 17 501 169 23 14 805 238 40 24 0 229 80 47 271 168 37 17 180 446 140 115 308 161 33 17 65 396 39 48 65 379 39 58 535 165 20 18 513 152 20 12 476 600 121 120 534 175 21 21 1032 367 67 60 717 176 31 19 282 509 140 191 1205 396 65 46 499 176 21 12 184 448 120 114 415 155 25 13 278 519 127 185 715 165 26 19 503 150 20 15 518 140 19 9 
108 924 266 62 34 985 257 63 35 489 190 27 22 888 227 53 31 67 251 81 48 362 282 58 51 528 260 44 42 470 233 40 37 777 182 33 18 0 327 87 71 119 229 83 42 532 190 26 18 745 195 39 31 271 167 37 17 59 380 40 59 500 166 26 18 0 230 80 45 177 453 129 119 800 232 42 27 1215 483 65 72 1192 385 70 51 287 164 43 16 806 216 39 21 58 396 43 51 472 622 125 94 277 526 126 184 308 161 33 16 416 154 22 13 714 166 28 17 269 512 163 184 716 177 27 18 535 166 18 16 534 175 21 21 517 139 18 9 59 210 112 38 176 454 143 117 1031 362 68 63 513 152 20 14 
109 919 265 64 33 66 250 81 47 487 189 28 22 983 253 60 36 528 259 45 43 796 230 44 27 884 224 50 30 357 283 58 51 469 234 39 36 776 181 33 18 498 166 25 16 267 165 42 17 1202 472 74 88 0 325 83 74 173 460 134 122 48 378 40 66 287 160 46 18 532 189 26 18 808 214 36 22 120 224 83 44 0 229 79 45 1195 386 53 43 268 536 138 183 714 175 28 19 741 187 38 32 1013 360 83 59 516 139 19 9 412 155 27 11 715 165 27 17 502 150 22 14 271 538 156 177 534 166 20 17 49 391 40 59 
110 973 249 63 36 913 262 66 34 63 248 84 49 122 226 78 39 882 221 51 32 486 189 30 22 353 283 60 53 528 260 41 44 467 234 41 36 0 326 74 75 269 164 37 16 160 469 139 126 497 166 27 17 1194 466 81 84 411 154 24 12 1004 352 87 59 1 223 79 49 773 181 33 17 797 227 35 29 740 185 37 34 501 150 24 15 532 189 24 18 516 138 20 10 41 395 41 54 42 382 39 55 470 230 32 28 56 208 111 37 714 175 26 19 518 153 22 14 499 140 20 12 804 209 28 19 522 162 26 17 95 201 89 33 264 539 174 180 292 159 34 17 714 166 26 18 
111 906 260 67 32 968 249 62 35 59 248 86 46 483 191 28 21 348 286 61 53 525 262 43 43 465 232 41 37 880 222 43 29 1176 457 101 93 996 347 96 61 268 163 41 17 495 165 26 19 789 213 39 39 0 326 70 76 115 222 88 41 152 479 136 125 739 185 34 34 2 223 63 48 408 152 26 14 769 178 30 19 496 140 23 13 714 165 26 18 249 553 160 159 500 149 24 15 523 162 26 17 528 189 23 18 291 157 36 19 37 407 44 52 308 154 31 18 669 161 26 18 
112 909 258 57 34 967 247 57 35 481 190 32 22 59 246 86 47 343 288 63 53 766 175 34 19 872 219 51 28 118 222 82 40 736 186 33 28 465 232 42 37 523 259 45 49 787 211 40 40 493 164 26 19 991 342 96 59 268 161 40 17 1166 448 114 86 237 569 171 151 2 222 64 47 292 156 43 17 4 320 62 68 408 152 26 13 498 150 24 15 528 189 23 17 525 163 24 17 496 139 21 11 715 165 26 17 134 480 151 143 735 163 27 19 134 491 146 129 
113 902 255 59 32 960 245 62 33 870 218 50 28 480 188 33 23 461 233 43 38 118 222 80 39 766 175 31 19 57 246 89 45 1164 443 116 82 492 164 26 20 522 259 46 51 734 185 34 29 992 339 89 62 340 288 64 56 787 215 34 30 0 220 64 48 232 586 176 134 527 188 25 18 268 160 38 17 523 164 26 18 292 155 42 17 498 150 23 15 713 164 27 19 3 319 60 69 496 139 22 13 794 206 31 20 16 393 43 62 124 489 140 150 514 138 20 11 
114 897 253 63 31 868 217 50 26 952 242 59 34 764 174 32 17 1150 437 130 79 980 336 85 56 520 260 48 52 732 184 34 27 478 188 32 23 117 221 80 40 460 233 42 38 783 213 37 33 57 245 87 45 494 164 24 17 340 288 62 57 290 153 42 17 526 188 25 17 0 218 64 49 266 159 39 17 523 163 24 16 2 317 58 71 495 139 24 12 119 499 145 153 712 164 26 17 523 154 21 15 57 200 108 33 734 178 29 24 792 202 32 21 498 150 24 16 417 137 25 12 
115 952 239 57 35 891 249 64 33 866 215 49 27 975 328 84 60 764 174 28 18 458 233 43 40 114 220 82 40 780 214 40 31 733 185 32 25 490 163 26 19 477 187 34 25 520 259 47 55 289 152 42 17 1151 427 120 81 53 243 85 48 0 217 65 50 337 292 66 57 100 509 168 160 526 189 25 16 524 163 24 17 733 178 29 23 496 138 24 14 402 149 25 13 1 316 56 73 790 201 33 21 55 199 111 35 524 154 21 15 267 159 37 15 710 164 26 17 670 150 27 17 517 127 16 10 496 150 23 15 501 128 17 10 732 163 28 16 
116 888 246 64 32 949 238 55 33 974 325 80 61 118 220 77 39 458 233 42 41 1155 424 110 75 780 213 38 30 865 214 47 26 519 259 49 57 488 163 26 19 51 242 88 48 87 519 171 164 731 182 32 28 0 217 65 49 523 161 26 20 475 186 36 25 760 172 31 18 289 151 42 16 332 294 64 57 525 188 27 17 495 139 23 14 94 195 77 33 1 320 53 66 788 199 31 23 402 148 25 13 60 198 101 35 697 164 26 18 268 155 39 18 1245 370 33 50 501 127 16 10 707 164 25 16 522 152 22 16 518 127 17 10 740 139 29 15 
117 886 246 61 31 946 235 53 33 778 214 39 26 860 210 46 28 118 218 76 39 456 233 45 43 489 162 26 19 972 319 77 61 519 260 50 57 728 177 33 26 51 242 88 47 1153 419 102 72 522 162 27 19 0 216 67 48 473 190 34 21 290 150 42 17 524 189 28 16 759 169 29 17 56 197 107 35 74 529 173 169 495 138 24 15 266 154 41 19 1057 331 39 38 787 200 33 22 329 295 64 58 2 316 51 73 697 162 28 20 92 194 80 32 403 148 24 12 523 152 22 17 518 126 16 10 1237 363 41 57 740 138 27 14 
118 885 245 57 29 938 232 58 32 118 217 76 38 757 169 32 17 970 316 71 56 456 233 44 43 777 212 37 27 520 162 28 20 861 207 43 30 727 175 31 31 490 162 24 18 1156 421 82 63 518 265 51 54 50 242 89 45 66 543 179 169 326 296 66 60 524 188 27 17 784 195 32 20 0 214 66 48 475 186 36 25 288 149 43 17 54 196 107 36 1049 326 46 36 495 137 24 17 264 153 43 19 516 125 18 11 401 148 25 11 1 317 50 71 665 138 28 16 786 200 31 23 1220 353 60 60 501 127 15 10 699 163 24 18 707 162 22 16 524 151 21 18 717 152 23 17 1088 174 16 24 
119 880 239 56 31 939 230 53 33 855 207 47 25 966 314 76 56 121 216 73 39 455 234 44 44 775 211 38 25 1152 423 80 54 517 265 53 56 757 168 32 17 490 161 27 18 1047 320 50 41 50 242 89 45 727 174 30 29 783 193 32 20 325 298 67 60 473 189 35 21 0 214 66 48 524 188 28 16 265 153 42 17 288 147 43 17 521 162 27 19 495 138 26 16 36 562 203 152 54 195 103 36 402 147 25 11 1213 351 67 61 517 124 18 11 0 319 54 97 523 151 23 17 97 189 77 32 715 151 24 16 501 126 17 10 731 151 27 18 666 137 28 16 780 204 35 23 1087 174 17 23 700 163 23 17 1203 342 77 76 
120 876 237 59 30 855 206 45 25 962 311 69 52 937 228 51 34 455 236 43 44 119 214 77 39 756 167 30 18 50 243 89 43 518 266 51 58 1043 317 55 44 490 162 26 17 473 188 35 23 1200 341 79 72 725 174 31 26 38 570 190 144 523 188 28 17 1153 418 67 53 0 213 66 48 775 210 34 27 322 300 64 60 288 147 43 17 781 193 32 20 520 162 28 20 265 152 42 17 778 201 34 28 495 139 25 15 53 195 104 36 0 319 54 96 522 150 24 17 517 124 19 11 402 148 25 10 730 150 29 19 499 126 18 10 665 137 28 17 109 189 59 32 699 163 24 17 315 300 76 69 712 150 27 17 398 140 28 18 
121 851 204 45 24 878 236 55 27 931 224 53 34 118 214 79 38 454 237 44 44 755 164 30 18 58 236 83 49 773 203 38 27 961 308 63 52 490 162 28 17 725 175 31 21 518 265 50 61 472 188 37 23 1197 342 83 57 315 305 69 62 524 188 28 17 781 192 33 20 266 151 40 16 288 146 43 17 0 214 63 46 495 139 25 16 94 188 81 32 32 580 181 140 1040 314 58 47 524 151 23 16 522 161 26 19 0 317 52 103 55 193 102 36 400 141 25 16 516 124 16 10 499 124 19 11 699 162 24 18 664 136 28 18 729 150 29 19 313 301 76 69 493 147 25 19 1162 412 44 50 
122 870 232 60 32 851 203 42 24 929 222 51 33 117 213 81 40 472 188 36 24 453 238 42 45 752 163 33 18 51 235 88 49 774 201 33 28 939 301 76 56 491 161 26 17 724 174 32 22 523 189 29 16 1188 336 92 60 520 162 28 19 517 266 52 65 0 213 64 47 313 306 69 67 97 187 77 33 287 145 42 18 780 192 30 20 495 139 25 16 265 150 43 17 1036 312 63 48 516 123 20 10 523 151 24 16 24 596 173 124 50 198 80 33 310 304 75 71 666 136 27 18 698 161 24 19 731 150 25 18 711 151 25 17 1089 172 15 25 
123 869 231 60 33 849 202 43 25 924 222 53 31 944 299 69 55 118 214 79 38 753 163 31 18 59 236 82 49 452 243 45 43 472 188 36 25 1026 307 72 46 517 269 52 64 489 162 27 18 524 190 29 17 724 175 32 21 774 200 32 28 494 139 26 16 520 161 29 21 314 309 68 68 0 214 63 46 778 191 32 21 265 150 42 17 94 188 80 32 287 146 43 17 1183 335 97 55 522 150 25 17 398 140 26 18 56 193 101 36 515 124 19 10 498 124 20 11 664 136 29 18 712 150 25 18 
124 866 231 59 31 849 201 41 25 920 220 54 32 453 244 43 43 489 162 27 18 59 236 82 48 114 211 85 41 930 295 78 54 1024 304 78 50 753 162 31 19 1162 329 118 56 471 189 38 25 516 276 56 61 495 139 26 17 774 200 32 28 265 151 43 17 723 173 33 22 525 189 28 18 0 208 62 51 288 145 42 18 309 313 76 71 524 161 26 21 526 153 22 15 53 194 107 36 778 190 32 22 515 124 18 11 398 141 27 17 94 187 84 32 500 124 18 11 667 136 28 17 
125 863 229 57 28 1152 323 115 56 844 199 42 24 916 219 55 30 52 234 87 50 115 212 82 39 1012 300 88 48 471 188 37 25 451 243 43 45 514 274 58 66 490 161 26 18 523 191 30 17 764 199 38 26 927 291 77 49 752 161 32 18 300 316 80 73 522 162 27 20 265 148 40 18 0 209 64 48 494 138 26 16 524 150 24 16 720 170 38 27 94 187 80 32 289 144 38 18 56 192 100 37 496 124 21 11 774 189 34 21 400 142 22 15 1226 410 53 51 711 148 30 16 1046 371 40 43 718 163 30 25 517 124 16 10 
126 914 217 51 32 856 224 55 31 113 212 82 36 447 244 46 46 51 232 85 49 916 289 74 50 471 188 33 24 1005 297 91 48 1142 316 116 55 515 279 55 62 763 198 35 26 486 161 27 18 493 138 27 17 264 146 37 19 293 142 37 16 297 318 80 73 837 196 45 25 522 151 24 16 524 188 29 19 0 207 62 50 521 160 26 22 748 160 36 19 763 188 39 26 716 163 32 24 720 170 31 24 92 185 81 33 397 141 22 14 1219 406 61 59 53 190 105 40 1038 361 47 45 424 126 19 11 
127 854 224 56 28 1135 314 113 55 1002 291 88 51 52 231 84 49 115 209 78 40 469 188 35 25 445 244 48 49 917 287 67 51 762 198 30 24 486 161 27 17 913 216 48 29 836 193 42 26 521 150 23 16 520 190 32 18 514 278 56 66 762 188 34 26 289 140 39 19 493 137 25 16 0 206 62 51 394 141 24 14 520 161 26 20 715 163 31 23 265 145 39 19 749 160 32 17 298 322 70 68 94 185 79 32 1201 390 74 85 720 173 28 20 53 197 56 35 495 126 22 11 1025 359 59 42 767 181 29 20 696 151 23 16 
128 836 192 39 25 999 289 84 52 909 213 47 31 116 209 77 39 1132 308 104 58 442 243 47 51 854 222 54 28 485 160 29 18 52 230 84 49 469 188 33 25 915 284 65 49 515 280 55 68 761 189 36 28 394 139 24 14 521 190 32 18 493 138 25 14 292 141 37 16 521 150 25 17 0 206 66 50 717 163 29 23 288 327 84 69 264 145 38 18 521 159 26 21 92 185 81 32 722 172 26 21 1217 393 59 61 420 124 22 12 749 159 32 20 769 180 29 20 1017 356 72 42 
129 853 219 51 30 834 191 40 26 905 213 45 29 117 209 75 39 442 245 46 52 485 161 29 18 990 287 83 46 52 230 84 49 467 188 36 26 1128 304 97 53 758 189 35 26 520 189 32 20 904 280 70 39 514 282 58 67 394 140 24 13 282 328 85 70 493 138 25 15 291 140 37 17 520 150 24 16 0 206 65 50 714 162 30 24 90 184 82 34 264 145 38 17 761 198 28 22 521 161 25 21 766 179 30 20 718 172 29 21 419 123 23 13 1015 353 74 48 1195 383 77 77 495 125 20 11 
130 849 219 54 30 831 190 39 27 1126 303 89 54 902 212 44 27 758 188 33 25 115 208 77 40 519 188 33 22 52 230 84 49 441 247 46 50 467 187 36 28 485 160 27 19 987 284 80 47 278 332 87 76 394 140 24 13 711 160 30 25 1007 346 79 47 520 160 26 23 510 286 64 70 520 149 24 17 900 275 63 43 290 140 38 17 762 178 31 22 492 137 26 16 91 184 81 33 0 204 65 51 264 145 38 17 417 123 24 13 762 198 26 22 1192 382 85 58 493 125 22 12 743 153 26 18 53 195 55 35 
131 846 218 54 30 831 191 36 25 1125 301 82 53 890 275 74 46 118 208 73 40 53 230 83 49 520 190 32 21 899 212 45 27 757 188 32 25 483 161 28 19 467 187 36 29 978 278 82 49 270 336 88 78 999 341 89 58 441 254 48 49 393 140 24 14 491 138 27 16 290 140 38 17 521 160 26 22 760 178 30 23 712 161 29 22 521 151 24 16 0 205 66 51 264 145 37 17 91 184 80 33 511 287 62 74 1192 381 88 62 419 124 22 12 742 154 25 17 762 199 24 20 494 125 21 12 511 287 62 74 
132 829 190 36 25 844 217 52 30 116 208 76 40 999 340 84 55 52 230 84 48 975 279 77 47 893 273 62 43 519 191 33 21 465 188 37 28 1126 298 69 51 758 188 30 25 894 207 50 32 393 140 23 14 439 256 47 49 711 161 29 24 483 160 28 21 520 161 27 21 759 178 30 22 290 140 38 17 491 137 27 17 521 151 24 17 268 341 83 77 263 144 37 19 91 184 80 33 0 205 66 50 742 154 26 16 1191 379 88 64 514 289 57 75 512 289 54 73 493 125 21 12 761 199 24 19 718 172 26 21 420 124 20 12 
133 827 189 37 25 837 215 58 30 890 272 64 45 755 187 30 27 973 279 75 45 114 207 77 40 50 231 85 47 891 207 49 31 517 190 34 23 436 257 49 51 465 188 36 29 520 161 26 21 1000 339 82 49 289 139 38 18 482 160 30 20 709 160 29 23 392 140 23 14 491 137 27 18 742 153 28 18 1128 295 61 54 262 349 92 79 0 203 63 52 521 151 24 17 1189 376 87 62 260 144 38 19 759 178 27 21 512 297 62 75 62 184 101 37 493 124 22 13 418 124 22 11 
134 824 188 38 24 751 186 30 26 837 214 54 30 888 268 59 42 968 275 74 43 50 229 86 49 113 207 78 39 255 349 95 81 289 138 37 18 482 161 29 19 490 137 26 18 434 257 48 54 519 150 24 18 710 159 28 24 517 190 36 23 740 153 29 17 994 330 88 55 892 206 45 33 509 299 66 75 389 140 25 13 0 203 63 51 464 188 35 30 1187 376 80 54 757 178 28 20 520 161 25 21 56 184 106 37 1127 296 49 47 415 121 24 15 493 125 22 11 260 143 36 19 
135 976 325 91 51 886 263 55 45 822 186 36 24 833 210 50 29 432 259 50 53 115 204 72 40 45 228 90 47 517 191 33 20 246 350 106 84 488 136 27 17 969 271 68 45 461 187 36 29 389 137 28 14 517 159 28 23 750 185 29 25 885 202 45 31 710 159 27 23 1183 366 71 56 756 174 28 23 516 149 26 19 260 140 43 19 0 202 63 49 735 151 29 18 480 160 30 18 288 136 36 17 1124 293 43 41 510 297 64 79 54 182 105 38 501 299 72 70 1072 289 95 42 491 124 22 12 498 114 20 10 
136 882 200 44 29 972 316 87 55 428 259 53 54 887 260 50 46 517 190 32 21 830 208 50 29 956 264 69 48 115 202 70 40 459 186 37 30 42 228 92 45 257 137 45 20 742 185 34 23 1181 375 66 41 736 148 30 18 243 353 110 89 517 159 27 22 819 184 39 22 386 135 27 13 709 158 28 23 0 199 60 50 517 148 23 19 286 133 37 18 486 134 26 19 37 183 106 37 704 151 29 21 478 148 34 28 752 174 30 22 507 297 62 77 738 179 42 22 501 298 70 73 496 112 16 11 894 138 11 16 1065 281 89 43 519 110 19 11 488 124 21 13 
137 976 316 77 53 955 263 66 45 881 256 54 46 430 260 51 55 828 203 48 30 879 199 43 28 240 358 116 90 517 190 31 21 114 203 71 38 42 228 93 46 256 136 43 20 459 186 36 30 516 159 28 22 385 134 28 14 737 148 29 17 286 133 37 18 1056 277 96 46 736 177 46 26 0 200 60 49 517 148 24 19 704 151 27 20 486 133 26 20 37 183 104 37 1181 374 58 37 502 301 70 75 819 179 38 26 478 147 33 29 710 160 26 20 494 113 18 11 892 137 12 15 513 300 59 82 750 173 30 23 517 110 21 10 489 124 21 14 
138 880 198 43 27 876 253 60 45 974 312 78 52 113 203 76 39 516 191 36 21 239 361 102 97 824 203 54 32 958 264 66 41 258 138 43 20 48 227 89 47 429 266 55 54 461 188 36 29 387 135 28 14 1057 276 92 45 702 151 33 23 490 134 25 17 739 177 41 27 518 148 25 18 519 160 27 21 820 180 36 23 0 200 64 50 480 160 31 18 289 133 36 17 739 146 27 16 51 182 108 37 709 155 30 25 510 308 65 83 751 172 29 24 753 167 30 19 503 306 71 76 489 126 22 13 496 112 19 10 714 135 26 15 
139 880 198 43 27 880 252 55 45 116 205 78 40 827 203 51 32 232 371 116 96 969 310 74 51 390 137 28 14 958 264 64 40 480 160 33 20 1054 274 48 42 54 226 82 51 465 197 39 27 491 135 26 18 434 270 48 55 518 191 36 24 263 140 40 19 821 180 35 24 521 147 27 19 0 203 67 49 290 136 40 16 521 161 28 21 751 172 31 26 739 148 28 17 54 183 108 37 710 159 29 22 739 176 42 28 703 150 31 22 510 313 68 78 498 112 23 11 754 166 30 21 492 124 24 14 418 121 23 12 514 110 23 11 510 310 66 86 
140 880 254 50 41 826 204 51 30 875 197 46 27 1051 270 55 47 119 207 77 40 230 379 113 100 56 228 89 49 467 197 37 30 485 161 30 21 434 271 48 58 950 259 65 40 391 139 26 14 970 308 72 52 291 137 39 18 492 137 26 17 822 180 34 24 0 204 69 49 751 173 31 24 738 149 30 17 523 163 28 20 524 149 26 18 521 189 34 29 744 184 33 23 513 315 64 83 705 150 28 22 264 140 40 20 417 121 25 14 92 183 82 34 494 123 25 14 712 159 25 21 897 137 11 16 
141 826 203 50 31 872 196 47 28 1046 269 62 41 57 231 87 48 967 304 73 52 876 253 50 39 225 383 117 108 486 163 29 22 115 206 83 42 468 198 37 32 389 140 26 15 945 259 69 39 0 206 66 49 521 162 30 23 738 149 30 19 433 277 51 61 291 139 40 16 493 138 27 18 823 180 32 25 266 144 37 18 744 184 33 24 752 174 29 25 524 200 29 21 512 324 70 78 95 184 81 32 495 123 24 13 526 151 25 18 711 159 26 22 704 150 30 22 419 123 24 13 887 268 35 25 49 194 82 35 
142 1042 269 65 40 968 305 69 49 58 234 86 46 827 203 47 31 873 197 45 28 942 255 67 39 112 205 88 44 873 252 48 40 486 165 30 22 218 392 120 109 468 199 36 31 433 282 54 60 293 140 40 18 524 201 31 22 265 145 41 18 738 148 30 20 495 139 24 16 744 183 33 25 0 208 64 49 753 174 28 24 419 124 25 12 512 330 70 79 823 180 30 24 524 152 27 18 710 160 28 21 387 142 28 16 496 124 22 11 704 151 31 22 525 162 26 22 712 137 27 15 57 193 98 38 96 185 83 31 524 172 27 21 889 267 29 25 
143 1033 269 71 36 967 304 62 47 827 203 44 30 871 196 46 29 61 235 81 46 214 400 123 108 114 208 87 41 941 254 61 40 432 283 53 63 871 251 47 40 487 164 30 25 468 198 40 37 745 183 31 25 292 141 43 18 2 208 63 49 495 139 26 17 525 203 30 22 386 141 29 18 737 149 30 20 753 175 28 24 268 146 38 17 498 124 21 11 523 173 28 21 710 158 28 23 420 125 22 12 526 153 25 17 823 181 31 22 517 335 65 82 96 186 83 32 493 145 24 19 515 125 17 10 525 161 25 19 517 335 64 87 704 151 32 23 
144 1030 267 72 38 825 203 44 29 869 197 46 27 933 254 68 41 59 236 85 46 965 303 57 45 866 249 46 40 111 207 91 42 743 184 33 24 429 292 55 61 523 204 33 23 486 163 29 26 202 407 124 113 467 200 39 37 1 210 63 47 708 159 29 21 266 147 42 18 392 147 27 12 737 151 27 18 815 188 32 16 495 139 23 16 525 173 26 21 292 141 43 18 497 124 20 11 420 126 24 12 97 186 82 32 524 154 26 17 517 339 65 86 526 160 24 20 513 349 72 79 493 146 24 19 754 174 27 21 
145 1028 264 71 39 825 203 40 26 57 235 86 46 869 196 41 28 930 252 64 43 113 207 87 42 428 293 53 63 264 146 40 19 742 185 31 22 464 200 40 38 521 204 35 24 523 173 30 21 185 414 133 119 737 177 41 24 965 303 48 44 293 141 41 18 486 171 29 20 817 182 31 18 389 146 28 14 735 150 28 19 1 209 63 48 495 124 23 13 706 158 28 20 418 125 26 13 857 247 51 37 494 139 24 17 524 153 27 18 492 145 25 19 516 341 69 87 704 151 28 22 56 193 99 35 524 160 28 21 512 349 74 80 383 140 31 21 93 186 86 31 
146 1019 259 74 41 819 201 41 25 54 232 82 46 737 176 35 23 114 208 83 40 921 249 68 42 522 174 29 20 293 140 38 18 848 243 56 35 179 418 128 122 519 204 36 24 262 145 39 19 460 212 42 27 733 149 29 20 421 292 55 69 864 193 40 31 815 181 30 19 0 206 65 50 522 153 27 18 481 172 31 18 381 141 32 19 741 185 27 21 512 348 72 88 495 124 20 12 1060 323 34 32 493 139 23 17 419 124 26 14 490 145 25 19 94 185 83 31 55 191 104 39 946 293 57 46 524 160 25 19 815 187 28 19 
147 1009 258 76 40 918 250 62 39 843 243 54 33 50 231 85 46 735 175 30 22 112 207 81 40 172 427 135 124 519 173 31 22 816 199 35 24 517 204 36 24 288 139 38 18 456 200 43 38 805 180 33 19 859 192 38 27 520 153 28 17 418 291 57 75 0 204 64 51 489 138 25 19 941 291 51 44 1050 317 42 40 731 148 28 20 692 150 33 21 737 165 28 21 62 184 101 37 381 140 29 19 739 186 24 19 262 144 37 18 510 353 71 88 964 313 31 24 492 125 23 12 501 355 77 85 479 171 30 19 484 143 27 21 
148 1002 255 71 40 814 200 35 22 49 231 86 45 517 173 31 22 114 207 75 40 854 191 38 27 735 175 27 21 914 249 60 37 161 436 140 129 453 206 43 34 842 241 48 35 515 204 37 26 802 180 32 19 518 153 26 17 492 124 23 13 0 203 63 51 693 150 30 20 734 164 28 22 411 297 66 76 487 139 26 18 730 149 28 19 941 289 45 45 286 138 38 18 376 139 30 17 56 184 107 37 474 163 38 29 415 123 24 13 506 358 79 93 519 159 27 22 262 140 48 20 500 358 78 94 1046 314 43 42 
149 812 201 35 21 1001 255 67 38 732 174 28 22 516 173 29 23 47 232 86 45 908 249 64 36 850 192 40 26 839 241 49 34 115 206 75 41 156 446 133 127 453 206 41 35 519 153 26 18 732 163 30 23 514 204 37 27 691 150 30 21 476 174 26 17 287 138 38 18 1 203 59 51 373 140 33 17 801 180 31 19 730 150 28 19 413 301 63 77 57 184 107 37 491 124 21 12 486 139 24 18 507 373 76 89 261 140 44 20 481 143 28 21 413 122 26 15 893 140 11 17 518 158 26 24 1039 311 48 50 695 157 27 21 
150 989 254 73 36 809 201 33 20 831 240 53 34 515 171 28 26 899 244 64 35 845 191 44 27 43 232 88 46 732 174 27 23 452 210 41 34 114 206 73 41 139 447 148 147 793 180 29 17 0 202 59 53 690 151 28 19 515 212 32 23 287 138 35 18 517 153 26 18 490 125 22 12 372 140 32 18 476 173 25 19 409 303 59 78 481 144 27 20 727 149 27 19 505 373 79 94 412 123 24 14 262 141 42 19 731 165 28 22 1027 309 58 41 65 184 96 36 515 159 27 24 498 376 82 89 485 138 24 19 
151 984 252 69 36 807 200 31 21 515 173 27 25 44 233 84 46 896 243 61 36 843 191 43 27 729 174 28 23 451 210 41 36 472 173 31 21 828 239 53 33 114 208 72 39 127 460 155 145 512 210 34 27 792 179 30 18 686 152 31 19 0 204 57 52 517 153 24 19 371 140 31 18 405 317 61 70 412 125 24 13 490 125 21 12 1025 307 59 43 498 378 81 100 60 185 101 35 285 139 38 18 515 158 24 25 729 164 29 25 1244 359 34 50 40 193 92 36 256 143 41 19 1087 172 13 23 505 379 80 97 689 135 29 17 1035 307 54 45 
152 981 250 66 37 44 233 84 47 118 469 163 153 515 174 27 25 808 201 30 20 790 179 30 19 895 243 58 36 450 210 41 39 473 175 30 20 511 212 35 27 113 208 74 39 728 175 27 21 826 238 49 35 0 205 56 52 843 190 41 28 403 317 64 76 413 125 25 13 687 152 28 19 480 145 28 20 490 126 22 12 59 185 103 34 1022 304 65 45 370 140 29 19 286 140 37 17 515 159 25 24 504 381 82 106 517 154 23 17 257 144 39 18 728 165 29 23 669 150 23 16 1229 349 50 62 
153 44 233 85 47 112 479 151 162 789 178 31 20 473 175 30 20 511 214 35 25 515 175 27 25 978 248 66 38 448 212 43 39 835 188 42 29 113 208 73 39 892 242 58 36 397 326 76 74 804 199 33 21 824 237 46 35 0 205 56 52 686 152 29 18 491 126 21 12 481 146 26 19 1020 301 66 47 727 175 27 20 370 140 30 19 412 125 25 13 515 159 25 23 60 185 102 34 506 399 78 99 517 154 22 17 285 139 38 18 728 165 28 22 499 399 80 98 258 144 39 18 689 136 30 17 898 280 54 39 
154 45 233 85 48 975 246 63 38 789 179 29 19 472 176 30 22 104 487 158 171 889 243 58 34 512 216 34 25 836 189 41 28 112 209 76 39 447 218 45 36 823 237 46 37 514 176 29 26 481 148 27 19 1010 301 76 44 397 330 71 78 804 199 31 21 373 147 29 15 895 279 53 40 0 206 58 52 515 160 26 22 686 152 29 19 489 126 21 13 730 174 24 19 259 144 39 19 284 140 39 19 414 125 23 14 68 186 93 34 719 176 32 20 1207 338 73 85 503 401 86 107 41 196 89 35 496 402 86 107 729 166 28 20 515 115 22 11 689 158 28 19 1213 345 67 70 
155 50 233 82 48 889 242 56 33 971 245 65 38 449 219 43 36 114 209 75 39 474 177 30 20 513 216 37 27 836 188 41 28 87 498 170 178 789 177 31 21 894 278 53 39 483 148 27 19 1007 295 78 43 375 147 27 14 515 161 29 21 516 176 31 27 824 234 44 36 396 333 69 84 0 206 58 52 687 152 27 18 411 125 27 15 286 140 40 19 259 145 41 19 491 126 20 12 727 173 27 22 91 184 80 33 505 425 85 97 802 200 30 20 505 406 85 112 1203 337 77 77 42 196 86 35 729 165 26 22 1203 337 77 77 
156 964 242 63 37 51 232 84 49 886 239 57 34 892 274 54 41 789 176 32 21 450 220 42 38 514 217 37 27 475 178 29 20 835 188 40 28 111 209 80 39 485 149 27 19 517 161 30 20 374 147 29 15 76 512 167 180 1004 292 80 49 518 177 29 25 686 152 28 18 0 206 62 51 491 126 21 12 823 230 45 34 414 124 24 15 262 145 40 19 728 172 25 21 729 166 26 20 286 140 39 18 91 184 82 33 396 335 70 89 506 421 85 111 506 421 85 111 791 191 33 25 1196 334 82 71 1209 336 71 67 46 196 84 35 
157 963 243 62 35 53 234 82 49 518 163 32 18 451 221 43 41 790 177 31 20 886 238 54 35 111 212 81 37 835 188 40 27 486 149 26 20 892 273 49 40 519 184 32 23 61 525 189 187 474 178 32 23 391 353 82 76 257 146 40 19 375 148 29 15 289 141 39 18 822 230 44 36 1000 293 81 46 1 214 61 45 688 152 27 17 727 174 26 20 491 126 21 13 515 217 38 28 94 186 77 32 505 423 92 119 413 125 26 16 793 199 29 19 730 165 25 21 1193 336 87 58 48 198 80 32 517 122 20 10 
158 959 245 69 33 888 241 49 34 450 224 44 41 113 216 79 35 520 187 33 23 891 274 47 41 520 163 31 20 789 178 33 20 835 190 39 27 54 236 82 48 488 151 25 19 390 354 82 87 519 227 37 27 728 175 27 20 263 151 44 17 0 213 66 48 377 150 28 15 828 235 34 32 48 541 182 178 793 199 29 20 287 145 40 17 49 199 84 32 411 127 30 17 999 292 77 48 1188 330 89 56 689 151 29 19 511 429 87 127 95 187 79 32 495 128 20 11 508 452 90 108 1179 331 96 65 729 165 27 21 493 136 23 14 477 185 33 20 691 160 29 18 516 125 21 9 
159 956 248 69 33 882 240 52 34 117 217 77 40 477 188 36 19 453 233 46 38 890 276 47 41 731 176 25 21 51 242 88 47 523 192 29 21 831 237 29 32 517 229 42 30 794 199 29 24 35 563 192 156 790 180 30 20 836 194 37 24 292 149 40 17 264 154 41 18 996 293 70 46 0 216 67 48 525 167 27 19 393 362 76 90 486 157 25 21 55 197 107 35 693 161 27 18 492 137 23 14 378 153 27 17 507 447 96 127 791 187 29 23 489 151 23 21 415 135 25 13 1175 329 101 57 517 126 21 10 1172 331 107 64 92 194 80 32 499 128 16 10 729 164 26 21 1089 174 15 24 
160 952 250 70 34 882 244 53 32 58 247 86 43 838 198 34 24 454 236 44 41 480 192 34 22 490 163 27 19 387 376 89 90 794 203 30 22 116 221 83 40 30 576 189 144 890 280 44 39 828 242 31 30 291 153 42 17 731 178 25 20 789 187 30 20 1007 299 60 44 524 198 30 22 509 482 94 111 266 159 39 17 729 186 24 19 0 219 64 49 693 164 27 17 494 138 23 12 383 160 28 14 525 175 29 19 417 137 26 14 1167 328 107 60 520 231 38 29 1160 330 114 65 730 163 24 21 94 198 82 30 162 189 42 23 59 201 108 33 834 254 24 22 518 126 18 10 712 138 27 16 515 138 18 11 
161 950 248 64 34 57 249 87 45 880 245 52 33 452 239 46 42 491 165 25 19 114 224 86 39 834 200 37 24 792 202 33 25 523 199 32 23 522 238 35 33 885 278 45 40 477 192 36 28 523 178 30 18 9 598 201 122 789 189 30 24 267 161 39 18 382 162 30 15 728 187 25 21 386 376 81 102 1160 329 105 58 503 471 103 138 689 164 29 20 823 243 36 33 984 294 74 45 0 223 65 48 729 178 27 21 493 140 21 11 294 155 40 18 517 138 22 10 414 140 28 15 94 199 84 32 1160 331 104 62 386 376 81 102 727 164 27 20 
162 948 250 64 33 117 226 82 40 61 249 81 49 874 245 55 33 453 245 48 42 479 200 34 21 834 203 33 22 790 205 34 23 525 204 29 21 382 165 30 16 1162 328 97 60 524 179 28 19 13 614 191 106 788 190 30 22 982 294 71 45 519 242 41 32 267 164 38 16 729 188 25 20 492 166 22 18 820 243 39 33 0 222 65 51 387 383 80 101 690 166 29 18 293 159 38 17 883 281 47 35 494 141 20 11 412 142 30 15 501 492 107 138 730 178 26 20 491 173 24 17 518 138 24 11 493 149 24 15 98 200 81 34 54 205 109 42 501 492 107 138 890 296 38 22 
